0, 40.58160245276537, Server_00, 2.5526430912103453, 1961.21247412008, 0.0, 2
1, 44.576279130115, Server_00, 3.531593941666367, 1938.8302547525864, 0.0, 4
2, 48.91983766824543, Server_00, 3.531593941666367, 1783.1001774258646, 0.0, 4
3, 53.3840237301011, Server_00, 3.531593941666367, 1734.918727106227, 0.0, 4
4, 58.005633485493455, Server_00, 3.531593941666367, 1675.8230162041193, 0.0, 4
5, 62.64151901126665, Server_00, 3.531593941666367, 1670.6624779541442, 0.0, 4
6, 67.27740453703986, Server_00, 3.531593941666367, 1670.6624779541414, 0.0, 4
7, 71.91329006281306, Server_00, 3.531593941666367, 1670.6624779541414, 0.0, 4
8, 76.70941366224737, Server_00, 3.531593941666367, 1614.8457894024045, 0.0, 4
9, 81.86039757977315, Server_00, 3.531593941666367, 1503.5962301587288, 0.0, 4
10, 85.13920335296903, Server_00, 3.0417973963282776, 1503.5962301587265, 0.0, 3
11, 88.44602325671798, Server_00, 3.0417973963282776, 1490.8583302074765, 0.0, 3
12, 91.91469381218853, Server_00, 3.0417973963282776, 1421.2938130502873, 0.0, 3
13, 95.4120866369308, Server_00, 3.0417973963282776, 1409.6214657738115, 0.0, 3
14, 98.90947946167306, Server_00, 3.0417973963282776, 1409.6214657738115, 0.0, 3
15, 102.48589034632474, Server_00, 3.0417973963282776, 1378.4769588855986, 0.0, 3
16, 106.0925766968402, Server_00, 3.0417973963282776, 1366.9056637806652, 0.0, 3
17, 109.79594990529431, Server_00, 3.0417973963282776, 1331.218789601256, 0.0, 3
18, 115.63373167849018, Server_00, 3.531593941666367, 1326.7025560224101, 0.0, 4
19, 119.34971155477884, Server_00, 3.0417973963282776, 1326.7025560224101, 0.0, 3
20, 125.2612441796843, Server_00, 3.531593941666367, 1310.150935709986, 0.0, 4
21, 131.2707254167977, Server_00, 3.531593941666367, 1288.7967687074854, 0.0, 4
22, 135.09599881885956, Server_00, 3.0417973963282776, 1288.796768707479, 0.0, 3
23, 141.2418284220143, Server_00, 3.531593941666367, 1260.2041547042545, 0.0, 4
24, 145.17639534984934, Server_00, 3.0417973963282776, 1252.996858465609, 0.0, 3
25, 151.55871589634006, Server_00, 3.531593941666367, 1213.5084635099602, 0.0, 4
26, 155.7118698757215, Server_00, 3.0417973963282776, 1187.0496553884711, 0.0, 3
27, 159.86502385510295, Server_00, 3.0417973963282776, 1187.0496553884711, 0.0, 3
28, 166.53249963675094, Server_00, 3.531593941666367, 1161.6090187110774, 0.0, 4
29, 170.89512453956328, Server_00, 3.0417973963282776, 1130.0536053012263, 0.0, 3
30, 175.3761590962643, Server_00, 3.0417973963282776, 1100.1923635307812, 0.0, 3
31, 182.4255327003892, Server_00, 3.531593941666367, 1098.6791784546733, 0.0, 4
32, 187.01586078286343, Server_00, 3.0417973963282776, 1073.9973072562352, 0.0, 3
33, 191.70458563802234, Server_00, 3.0417973963282776, 1051.4585846460195, 0.0, 3
34, 196.62279429781614, Server_00, 3.0417973963282776, 1002.3974867724886, 0.0, 3
35, 201.54100295760995, Server_00, 3.0417973963282776, 1002.3974867724886, 0.0, 3
36, 206.50338741990882, Server_00, 3.0417973963282776, 993.4740118294121, 0.0, 3
37, 211.53088960547583, Server_00, 3.0417973963282776, 980.6062370600403, 0.0, 3
38, 214.732990388981, Server_00, 2.5526430912103453, 980.60623706004, 0.0, 2
39, 219.760492574548, Server_00, 3.0417973963282776, 980.6062370600403, 0.0, 3
40, 224.78799476011503, Server_00, 3.0417973963282776, 980.6062370600403, 0.0, 3
41, 229.8566887665405, Server_00, 3.0417973963282776, 972.6371317247321, 0.0, 3
42, 235.04367070490449, Server_00, 3.0417973963282776, 950.4563652972632, 0.0, 3
43, 240.2897599420179, Server_00, 3.0417973963282776, 939.747643849205, 0.0, 3
44, 245.5358491791313, Server_00, 3.0417973963282776, 939.747643849205, 0.0, 3
45, 250.7819384162447, Server_00, 3.0417973963282776, 939.747643849205, 0.0, 3
46, 254.12326097294573, Server_00, 2.5526430912103453, 939.7476438492106, 0.0, 2
47, 259.3693502100591, Server_00, 3.0417973963282776, 939.7476438492101, 0.0, 3
48, 264.6154394471725, Server_00, 3.0417973963282776, 939.7476438492101, 0.0, 3
49, 269.8615286842859, Server_00, 3.0417973963282776, 939.7476438492101, 0.0, 3
50, 275.10761792139925, Server_00, 3.0417973963282776, 939.7476438492101, 0.0, 3
51, 280.35370715851263, Server_00, 3.0417973963282776, 939.7476438492101, 0.0, 3
52, 285.599796395626, Server_00, 3.0417973963282776, 939.7476438492101, 0.0, 3
53, 288.94111895232703, Server_00, 2.5526430912103453, 939.7476438492106, 0.0, 2
54, 294.1872081894404, Server_00, 3.0417973963282776, 939.7476438492101, 0.0, 3
55, 299.4332974265538, Server_00, 3.0417973963282776, 939.7476438492101, 0.0, 3
56, 304.6793866636672, Server_00, 3.0417973963282776, 939.7476438492101, 0.0, 3
57, 309.92547590078055, Server_00, 3.0417973963282776, 939.7476438492101, 0.0, 3
58, 315.17156513789394, Server_00, 3.0417973963282776, 939.7476438492101, 0.0, 3
59, 320.4176543750073, Server_00, 3.0417973963282776, 939.7476438492101, 0.0, 3
60, 325.6637436121207, Server_00, 3.0417973963282776, 939.7476438492101, 0.0, 3
61, 329.0050661688217, Server_00, 2.5526430912103453, 939.7476438492106, 0.0, 2
62, 334.2511554059351, Server_00, 3.0417973963282776, 939.7476438492101, 0.0, 3
63, 339.4972446430485, Server_00, 3.0417973963282776, 939.7476438492101, 0.0, 3
64, 344.74333388016186, Server_00, 3.0417973963282776, 939.7476438492101, 0.0, 3
65, 349.98942311727524, Server_00, 3.0417973963282776, 939.7476438492101, 0.0, 3
66, 355.2355123543886, Server_00, 3.0417973963282776, 939.7476438492101, 0.0, 3
67, 360.481601591502, Server_00, 3.0417973963282776, 939.7476438492101, 0.0, 3
68, 365.7276908286154, Server_00, 3.0417973963282776, 939.7476438492101, 0.0, 3
69, 369.0690133853164, Server_00, 2.5526430912103453, 939.7476438492106, 0.0, 2
70, 374.3151026224298, Server_00, 3.0417973963282776, 939.7476438492101, 0.0, 3
71, 379.56119185954316, Server_00, 3.0417973963282776, 939.7476438492101, 0.0, 3
72, 384.80728109665654, Server_00, 3.0417973963282776, 939.7476438492101, 0.0, 3
73, 390.0533703337699, Server_00, 3.0417973963282776, 939.7476438492101, 0.0, 3
74, 395.2994595708833, Server_00, 3.0417973963282776, 939.7476438492101, 0.0, 3
75, 400.5455488079967, Server_00, 3.0417973963282776, 939.7476438492101, 0.0, 3
76, 405.79163804511006, Server_00, 3.0417973963282776, 939.7476438492101, 0.0, 3
77, 409.1329606018111, Server_00, 2.5526430912103453, 939.7476438492106, 0.0, 2
78, 414.37904983892446, Server_00, 3.0417973963282776, 939.7476438492101, 0.0, 3
79, 419.62513907603784, Server_00, 3.0417973963282776, 939.7476438492101, 0.0, 3
80, 424.8712283131512, Server_00, 3.0417973963282776, 939.7476438492101, 0.0, 3
81, 430.1173175502646, Server_00, 3.0417973963282776, 939.7476438492101, 0.0, 3
82, 435.363406787378, Server_00, 3.0417973963282776, 939.7476438492101, 0.0, 3
83, 440.60949602449136, Server_00, 3.0417973963282776, 939.7476438492101, 0.0, 3
84, 443.9508185811924, Server_00, 2.5526430912103453, 939.7476438492106, 0.0, 2
85, 449.19690781830576, Server_00, 3.0417973963282776, 939.7476438492101, 0.0, 3
86, 454.44299705541914, Server_00, 3.0417973963282776, 939.7476438492101, 0.0, 3
87, 459.6890862925325, Server_00, 3.0417973963282776, 939.7476438492101, 0.0, 3
88, 464.9351755296459, Server_00, 3.0417973963282776, 939.7476438492101, 0.0, 3
89, 470.1812647667593, Server_00, 3.0417973963282776, 939.7476438492101, 0.0, 3
90, 475.42735400387267, Server_00, 3.0417973963282776, 939.7476438492101, 0.0, 3
91, 480.67344324098605, Server_00, 3.0417973963282776, 939.7476438492101, 0.0, 3
92, 484.01476579768706, Server_00, 2.5526430912103453, 939.7476438492106, 0.0, 2
93, 489.26085503480044, Server_00, 3.0417973963282776, 939.7476438492101, 0.0, 3
94, 494.5069442719138, Server_00, 3.0417973963282776, 939.7476438492101, 0.0, 3
95, 499.7530335090272, Server_00, 3.0417973963282776, 939.7476438492101, 0.0, 3
96, 504.9991227461406, Server_00, 3.0417973963282776, 939.7476438492101, 0.0, 3
97, 510.24521198325397, Server_00, 3.0417973963282776, 939.7476438492101, 0.0, 3
98, 515.4913012203674, Server_00, 3.0417973963282776, 939.7476438491999, 0.0, 3
99, 520.7373904574808, Server_00, 3.0417973963282776, 939.7476438491999, 0.0, 3
100, 524.0787130141819, Server_00, 2.5526430912103453, 939.7476438492106, 0.0, 2
101, 529.3248022512953, Server_00, 3.0417973963282776, 939.7476438491999, 0.0, 3
102, 534.5708914884087, Server_00, 3.0417973963282776, 939.7476438491999, 0.0, 3
103, 539.8169807255222, Server_00, 3.0417973963282776, 939.7476438491999, 0.0, 3
104, 545.0630699626356, Server_00, 3.0417973963282776, 939.7476438491999, 0.0, 3
105, 550.309159199749, Server_00, 3.0417973963282776, 939.7476438491999, 0.0, 3
106, 555.5552484368625, Server_00, 3.0417973963282776, 939.7476438491999, 0.0, 3
107, 560.8013376739759, Server_00, 3.0417973963282776, 939.7476438491999, 0.0, 3
108, 564.1426602306769, Server_00, 2.5526430912103453, 939.7476438492106, 0.0, 2
109, 569.3887494677904, Server_00, 3.0417973963282776, 939.7476438491999, 0.0, 3
110, 574.6348387049038, Server_00, 3.0417973963282776, 939.7476438491999, 0.0, 3
111, 579.8809279420173, Server_00, 3.0417973963282776, 939.7476438491999, 0.0, 3
112, 585.1270171791307, Server_00, 3.0417973963282776, 939.7476438491999, 0.0, 3
113, 590.3731064162441, Server_00, 3.0417973963282776, 939.7476438491999, 0.0, 3
114, 595.6191956533576, Server_00, 3.0417973963282776, 939.7476438491999, 0.0, 3
115, 598.9605182100586, Server_00, 2.5526430912103453, 939.7476438492106, 0.0, 2
116, 604.206607447172, Server_00, 3.0417973963282776, 939.7476438491999, 0.0, 3
117, 609.4526966842855, Server_00, 3.0417973963282776, 939.7476438491999, 0.0, 3
118, 614.6987859213989, Server_00, 3.0417973963282776, 939.7476438491999, 0.0, 3
119, 619.9448751585123, Server_00, 3.0417973963282776, 939.7476438491999, 0.0, 3
120, 625.1909643956258, Server_00, 3.0417973963282776, 939.7476438491999, 0.0, 3
121, 630.4370536327392, Server_00, 3.0417973963282776, 939.7476438491999, 0.0, 3
122, 635.6831428698526, Server_00, 3.0417973963282776, 939.7476438491999, 0.0, 3
123, 639.0244654265537, Server_00, 2.5526430912103453, 939.7476438492106, 0.0, 2
124, 644.2705546636671, Server_00, 3.0417973963282776, 939.7476438491999, 0.0, 3
125, 649.5166439007805, Server_00, 3.0417973963282776, 939.7476438491999, 0.0, 3
126, 654.762733137894, Server_00, 3.0417973963282776, 939.7476438491999, 0.0, 3
127, 660.1099566872379, Server_00, 3.0417973963282776, 921.9737971502847, 0.0, 3
128, 665.4653394501245, Server_00, 3.0417973963282776, 920.5691205053412, 0.0, 3
129, 670.8207222130111, Server_00, 3.0417973963282776, 920.5691205053412, 0.0, 3
130, 674.2316556563101, Server_00, 2.5526430912103453, 920.569120505344, 0.0, 2
131, 679.5870384191967, Server_00, 3.0417973963282776, 920.5691205053412, 0.0, 3
132, 684.9424211820833, Server_00, 3.0417973963282776, 920.5691205053412, 0.0, 3
133, 690.2978039449699, Server_00, 3.0417973963282776, 920.5691205053412, 0.0, 3
134, 695.6531867078565, Server_00, 3.0417973963282776, 920.5691205053412, 0.0, 3
135, 699.0641201511555, Server_00, 2.5526430912103453, 920.569120505344, 0.0, 2
136, 704.4195029140421, Server_00, 3.0417973963282776, 920.5691205053412, 0.0, 3
137, 709.7748856769288, Server_00, 3.0417973963282776, 920.5691205053412, 0.0, 3
138, 715.1302684398154, Server_00, 3.0417973963282776, 920.5691205053412, 0.0, 3
139, 720.485651202702, Server_00, 3.0417973963282776, 920.5691205053412, 0.0, 3
140, 725.8410339655886, Server_00, 3.0417973963282776, 920.5691205053412, 0.0, 3
141, 729.2519674088876, Server_00, 2.5526430912103453, 920.569120505344, 0.0, 2
142, 734.6073501717742, Server_00, 3.0417973963282776, 920.5691205053412, 0.0, 3
143, 739.9627329346608, Server_00, 3.0417973963282776, 920.5691205053412, 0.0, 3
144, 745.3181156975475, Server_00, 3.0417973963282776, 920.5691205053412, 0.0, 3
145, 750.6734984604341, Server_00, 3.0417973963282776, 920.5691205053412, 0.0, 3
146, 754.084431903733, Server_00, 2.5526430912103453, 920.569120505344, 0.0, 2
147, 759.4398146666197, Server_00, 3.0417973963282776, 920.5691205053412, 0.0, 3
148, 764.7951974295063, Server_00, 3.0417973963282776, 920.5691205053412, 0.0, 3
149, 770.1505801923929, Server_00, 3.0417973963282776, 920.5691205053412, 0.0, 3
150, 775.5059629552795, Server_00, 3.0417973963282776, 920.5691205053412, 0.0, 3
151, 780.8613457181661, Server_00, 3.0417973963282776, 920.5691205053412, 0.0, 3
152, 784.2722791614651, Server_00, 2.5526430912103453, 920.569120505344, 0.0, 2
153, 789.6276619243517, Server_00, 3.0417973963282776, 920.5691205053412, 0.0, 3
154, 794.9830446872384, Server_00, 3.0417973963282776, 920.5691205053412, 0.0, 3
155, 800.338427450125, Server_00, 3.0417973963282776, 920.5691205053412, 0.0, 3
156, 805.6938102130116, Server_00, 3.0417973963282776, 920.5691205053412, 0.0, 3
157, 809.1047436563106, Server_00, 2.5526430912103453, 920.569120505344, 0.0, 2
158, 814.4601264191972, Server_00, 3.0417973963282776, 920.5691205053412, 0.0, 3
159, 819.8155091820838, Server_00, 3.0417973963282776, 920.5691205053412, 0.0, 3
160, 825.1708919449704, Server_00, 3.0417973963282776, 920.5691205053412, 0.0, 3
161, 830.526274707857, Server_00, 3.0417973963282776, 920.5691205053412, 0.0, 3
162, 835.8816574707437, Server_00, 3.0417973963282776, 920.5691205053412, 0.0, 3
163, 839.2925909140426, Server_00, 2.5526430912103453, 920.569120505344, 0.0, 2
164, 844.6479736769293, Server_00, 3.0417973963282776, 920.5691205053412, 0.0, 3
165, 850.0033564398159, Server_00, 3.0417973963282776, 920.5691205053412, 0.0, 3
166, 855.3587392027025, Server_00, 3.0417973963282776, 920.5691205053412, 0.0, 3
167, 860.7141219655891, Server_00, 3.0417973963282776, 920.5691205053412, 0.0, 3
168, 864.1250554088881, Server_00, 2.5526430912103453, 920.569120505344, 0.0, 2
169, 869.4804381717747, Server_00, 3.0417973963282776, 920.5691205053412, 0.0, 3
170, 874.8358209346613, Server_00, 3.0417973963282776, 920.5691205053412, 0.0, 3
171, 880.191203697548, Server_00, 3.0417973963282776, 920.5691205053412, 0.0, 3
172, 885.5465864604346, Server_00, 3.0417973963282776, 920.5691205053412, 0.0, 3
173, 890.9019692233212, Server_00, 3.0417973963282776, 920.5691205053412, 0.0, 3
174, 894.3129026666202, Server_00, 2.5526430912103453, 920.569120505344, 0.0, 2
175, 899.6682854295068, Server_00, 3.0417973963282776, 920.5691205053412, 0.0, 3
176, 905.0236681923934, Server_00, 3.0417973963282776, 920.5691205053412, 0.0, 3
177, 910.37905095528, Server_00, 3.0417973963282776, 920.5691205053412, 0.0, 3
178, 915.7344337181667, Server_00, 3.0417973963282776, 920.5691205053412, 0.0, 3
179, 919.1453671614656, Server_00, 2.5526430912103453, 920.569120505344, 0.0, 2
180, 924.5007499243522, Server_00, 3.0417973963282776, 920.5691205053412, 0.0, 3
181, 929.8561326872389, Server_00, 3.0417973963282776, 920.5691205053412, 0.0, 3
182, 935.3124361650736, Server_00, 3.0417973963282776, 903.5421178509016, 0.0, 3
183, 940.7771124537334, Server_00, 3.0417973963282776, 902.1577380952366, 0.0, 3
184, 944.2576567836303, Server_00, 2.5526430912103453, 902.1577380952324, 0.0, 2
185, 949.7223330722901, Server_00, 3.0417973963282776, 902.1577380952366, 0.0, 3
186, 955.1870093609499, Server_00, 3.0417973963282776, 902.1577380952366, 0.0, 3
187, 960.6516856496097, Server_00, 3.0417973963282776, 902.1577380952366, 0.0, 3
188, 964.1322299795066, Server_00, 2.5526430912103453, 902.1577380952324, 0.0, 2
189, 969.5969062681664, Server_00, 3.0417973963282776, 902.1577380952366, 0.0, 3
190, 975.0615825568262, Server_00, 3.0417973963282776, 902.1577380952366, 0.0, 3
191, 980.526258845486, Server_00, 3.0417973963282776, 902.1577380952366, 0.0, 3
192, 985.9909351341458, Server_00, 3.0417973963282776, 902.1577380952366, 0.0, 3
193, 989.4714794640428, Server_00, 2.5526430912103453, 902.1577380952324, 0.0, 2
194, 994.9361557527026, Server_00, 3.0417973963282776, 902.1577380952366, 0.0, 3
195, 1000.4008320413624, Server_00, 3.0417973963282776, 902.1577380952366, 0.0, 3
196, 1005.8655083300222, Server_00, 3.0417973963282776, 902.1577380952366, 0.0, 3
197, 1009.3460526599191, Server_00, 2.5526430912103453, 902.1577380952324, 0.0, 2
198, 1014.8107289485789, Server_00, 3.0417973963282776, 902.1577380952366, 0.0, 3
199, 1020.2754052372387, Server_00, 3.0417973963282776, 902.1577380952366, 0.0, 3
200, 1025.7400815258984, Server_00, 3.0417973963282776, 902.1577380952555, 0.0, 3
201, 1029.2206258557953, Server_00, 2.5526430912103453, 902.1577380952324, 0.0, 2
202, 1034.6853021444551, Server_00, 3.0417973963282776, 902.1577380952366, 0.0, 3
203, 1040.149978433115, Server_00, 3.0417973963282776, 902.1577380952366, 0.0, 3
204, 1045.6146547217747, Server_00, 3.0417973963282776, 902.1577380952366, 0.0, 3
205, 1049.0951990516717, Server_00, 2.5526430912103453, 902.1577380952324, 0.0, 2
206, 1054.5598753403315, Server_00, 3.0417973963282776, 902.1577380952366, 0.0, 3
207, 1060.0245516289913, Server_00, 3.0417973963282776, 902.1577380952366, 0.0, 3
208, 1065.489227917651, Server_00, 3.0417973963282776, 902.1577380952366, 0.0, 3
209, 1070.9539042063109, Server_00, 3.0417973963282776, 902.1577380952366, 0.0, 3
210, 1074.4344485362078, Server_00, 2.5526430912103453, 902.1577380952324, 0.0, 2
211, 1079.8991248248676, Server_00, 3.0417973963282776, 902.1577380952366, 0.0, 3
212, 1085.3638011135274, Server_00, 3.0417973963282776, 902.1577380952366, 0.0, 3
213, 1090.8284774021872, Server_00, 3.0417973963282776, 902.1577380952366, 0.0, 3
214, 1094.3090217320841, Server_00, 2.5526430912103453, 902.1577380952324, 0.0, 2
215, 1099.773698020744, Server_00, 3.0417973963282776, 902.1577380952366, 0.0, 3
216, 1105.2383743094038, Server_00, 3.0417973963282776, 902.1577380952366, 0.0, 3
217, 1110.7030505980636, Server_00, 3.0417973963282776, 902.1577380952366, 0.0, 3
218, 1114.1835949279605, Server_00, 2.5526430912103453, 902.1577380952324, 0.0, 2
219, 1119.6482712166203, Server_00, 3.0417973963282776, 902.1577380952366, 0.0, 3
220, 1125.11294750528, Server_00, 3.0417973963282776, 902.1577380952366, 0.0, 3
221, 1130.653571894136, Server_00, 3.0417973963282776, 889.7914123029184, 0.0, 3
222, 1134.2037271106308, Server_00, 2.5526430912103453, 884.4683706815958, 0.0, 2
223, 1139.7776969250638, Server_00, 3.0417973963282776, 884.4683706816068, 0.0, 3
224, 1145.3516667394967, Server_00, 3.0417973963282776, 884.4683706816068, 0.0, 3
225, 1150.9256365539297, Server_00, 3.0417973963282776, 884.4683706816068, 0.0, 3
226, 1154.4757917704246, Server_00, 2.5526430912103453, 884.4683706815958, 0.0, 2
227, 1160.0497615848576, Server_00, 3.0417973963282776, 884.4683706816068, 0.0, 3
228, 1165.6237313992906, Server_00, 3.0417973963282776, 884.4683706816068, 0.0, 3
229, 1169.1738866157855, Server_00, 2.5526430912103453, 884.4683706815958, 0.0, 2
230, 1174.7478564302185, Server_00, 3.0417973963282776, 884.4683706816068, 0.0, 3
231, 1180.3218262446514, Server_00, 3.0417973963282776, 884.4683706816068, 0.0, 3
232, 1185.8957960590844, Server_00, 3.0417973963282776, 884.4683706816068, 0.0, 3
233, 1189.4459512755793, Server_00, 2.5526430912103453, 884.4683706815958, 0.0, 2
234, 1195.0199210900123, Server_00, 3.0417973963282776, 884.4683706816068, 0.0, 3
235, 1200.5938909044453, Server_00, 3.0417973963282776, 884.4683706816068, 0.0, 3
236, 1204.1440461209402, Server_00, 2.5526430912103453, 884.4683706815958, 0.0, 2
237, 1209.7180159353732, Server_00, 3.0417973963282776, 884.4683706816068, 0.0, 3
238, 1215.2919857498061, Server_00, 3.0417973963282776, 884.4683706816068, 0.0, 3
239, 1220.8659555642391, Server_00, 3.0417973963282776, 884.4683706816068, 0.0, 3
240, 1224.416110780734, Server_00, 2.5526430912103453, 884.4683706815958, 0.0, 2
241, 1229.990080595167, Server_00, 3.0417973963282776, 884.4683706816068, 0.0, 3
242, 1235.5640504096, Server_00, 3.0417973963282776, 884.4683706816068, 0.0, 3
243, 1241.138020224033, Server_00, 3.0417973963282776, 884.4683706816068, 0.0, 3
244, 1244.6881754405279, Server_00, 2.5526430912103453, 884.4683706815958, 0.0, 2
245, 1250.2621452549608, Server_00, 3.0417973963282776, 884.4683706816068, 0.0, 3
246, 1255.8361150693938, Server_00, 3.0417973963282776, 884.4683706816068, 0.0, 3
247, 1259.3862702858887, Server_00, 2.5526430912103453, 884.4683706815958, 0.0, 2
248, 1264.9602401003217, Server_00, 3.0417973963282776, 884.4683706816068, 0.0, 3
249, 1270.5342099147547, Server_00, 3.0417973963282776, 884.4683706816068, 0.0, 3
250, 1276.1081797291877, Server_00, 3.0417973963282776, 884.4683706816068, 0.0, 3
251, 1279.6583349456826, Server_00, 2.5526430912103453, 884.4683706815958, 0.0, 2
252, 1285.2323047601155, Server_00, 3.0417973963282776, 884.4683706816068, 0.0, 3
253, 1290.8062745745485, Server_00, 3.0417973963282776, 884.4683706816068, 0.0, 3
254, 1294.3564297910434, Server_00, 2.5526430912103453, 884.4683706815958, 0.0, 2
255, 1299.9303996054764, Server_00, 3.0417973963282776, 884.4683706816068, 0.0, 3
256, 1305.5043694199094, Server_00, 3.0417973963282776, 884.4683706816068, 0.0, 3
257, 1311.0783392343424, Server_00, 3.0417973963282776, 884.4683706816068, 0.0, 3
258, 1314.6284944508373, Server_00, 2.5526430912103453, 884.4683706815958, 0.0, 2
259, 1320.2024642652702, Server_00, 3.0417973963282776, 884.4683706816068, 0.0, 3
260, 1325.7764340797032, Server_00, 3.0417973963282776, 884.4683706816068, 0.0, 3
261, 1329.326589296198, Server_00, 2.5526430912103453, 884.4683706815958, 0.0, 2
262, 1334.900559110631, Server_00, 3.0417973963282776, 884.4683706816068, 0.0, 3
263, 1340.474528925064, Server_00, 3.0417973963282776, 884.4683706816068, 0.0, 3
264, 1346.048498739497, Server_00, 3.0417973963282776, 884.4683706816068, 0.0, 3
265, 1349.598653955992, Server_00, 2.5526430912103453, 884.4683706815958, 0.0, 2
266, 1355.172623770425, Server_00, 3.0417973963282776, 884.4683706816068, 0.0, 3
267, 1360.746593584858, Server_00, 3.0417973963282776, 884.4683706816068, 0.0, 3
268, 1364.2967488013528, Server_00, 2.5526430912103453, 884.4683706815958, 0.0, 2
269, 1369.8707186157858, Server_00, 3.0417973963282776, 884.4683706816068, 0.0, 3
270, 1375.4446884302188, Server_00, 3.0417973963282776, 884.4683706816068, 0.0, 3
271, 1381.0186582446518, Server_00, 3.0417973963282776, 884.4683706816068, 0.0, 3
272, 1384.5688134611466, Server_00, 2.5526430912103453, 884.4683706815958, 0.0, 2
273, 1390.1427832755796, Server_00, 3.0417973963282776, 884.4683706816068, 0.0, 3
274, 1395.7167530900126, Server_00, 3.0417973963282776, 884.4683706816068, 0.0, 3
275, 1399.2669083065075, Server_00, 2.5526430912103453, 884.4683706815958, 0.0, 2
276, 1404.8408781209405, Server_00, 3.0417973963282776, 884.4683706816068, 0.0, 3
277, 1410.4148479353735, Server_00, 3.0417973963282776, 884.4683706816068, 0.0, 3
278, 1415.9888177498065, Server_00, 3.0417973963282776, 884.4683706816068, 0.0, 3
279, 1419.5389729663013, Server_00, 2.5526430912103453, 884.4683706815958, 0.0, 2
280, 1425.1129427807343, Server_00, 3.0417973963282776, 884.4683706816068, 0.0, 3
281, 1430.6869125951673, Server_00, 3.0417973963282776, 884.4683706816068, 0.0, 3
282, 1434.2370678116622, Server_00, 2.5526430912103453, 884.4683706815958, 0.0, 2
283, 1439.8110376260952, Server_00, 3.0417973963282776, 884.4683706816068, 0.0, 3
284, 1445.3850074405282, Server_00, 3.0417973963282776, 884.4683706816068, 0.0, 3
285, 1450.9589772549612, Server_00, 3.0417973963282776, 884.4683706816068, 0.0, 3
286, 1454.509132471456, Server_00, 2.5526430912103453, 884.4683706815958, 0.0, 2
287, 1460.083102285889, Server_00, 3.0417973963282776, 884.4683706816068, 0.0, 3
288, 1465.657072100322, Server_00, 3.0417973963282776, 884.4683706816068, 0.0, 3
289, 1469.207227316817, Server_00, 2.5526430912103453, 884.4683706815958, 0.0, 2
290, 1474.7811971312499, Server_00, 3.0417973963282776, 884.4683706816068, 0.0, 3
291, 1480.3551669456829, Server_00, 3.0417973963282776, 884.4683706816068, 0.0, 3
292, 1485.9291367601159, Server_00, 3.0417973963282776, 884.4683706816068, 0.0, 3
293, 1489.4792919766107, Server_00, 2.5526430912103453, 884.4683706815958, 0.0, 2
294, 1495.1078936634574, Server_00, 3.0417973963282776, 875.8836162666837, 0.0, 3
295, 1500.7911570036636, Server_00, 3.0417973963282776, 867.4593635531163, 0.0, 3
296, 1504.4109231067564, Server_00, 2.5526430912103453, 867.4593635530993, 0.0, 2
297, 1510.0941864469626, Server_00, 3.0417973963282776, 867.4593635531163, 0.0, 3
298, 1515.7774497871687, Server_00, 3.0417973963282776, 867.4593635531163, 0.0, 3
299, 1519.3972158902616, Server_00, 2.5526430912103453, 867.4593635530993, 0.0, 2
300, 1525.0804792304677, Server_00, 3.0417973963282776, 867.4593635531163, 0.0, 3
301, 1530.7817761783556, Server_00, 3.0417973963282776, 864.7155278986858, 0.0, 3
302, 1534.4711531680464, Server_00, 2.5526430912103453, 851.0922057502066, 0.0, 2
303, 1540.2637100340257, Server_00, 3.0417973963282776, 851.0922057502293, 0.0, 3
304, 1546.056266900005, Server_00, 3.0417973963282776, 851.0922057502293, 0.0, 3
305, 1549.7456438896959, Server_00, 2.5526430912103453, 851.0922057502066, 0.0, 2
306, 1555.5382007556752, Server_00, 3.0417973963282776, 851.0922057502293, 0.0, 3
307, 1561.3307576216546, Server_00, 3.0417973963282776, 851.0922057502293, 0.0, 3
308, 1565.0201346113454, Server_00, 2.5526430912103453, 851.0922057502066, 0.0, 2
309, 1570.8126914773247, Server_00, 3.0417973963282776, 851.0922057502293, 0.0, 3
310, 1574.5020684670155, Server_00, 2.5526430912103453, 851.0922057502066, 0.0, 2
311, 1580.2946253329949, Server_00, 3.0417973963282776, 851.0922057502293, 0.0, 3
312, 1586.0871821989742, Server_00, 3.0417973963282776, 851.0922057502293, 0.0, 3
313, 1589.776559188665, Server_00, 2.5526430912103453, 851.0922057502066, 0.0, 2
314, 1595.5691160546444, Server_00, 3.0417973963282776, 851.0922057502293, 0.0, 3
315, 1601.3616729206237, Server_00, 3.0417973963282776, 851.0922057502293, 0.0, 3
316, 1605.0510499103145, Server_00, 2.5526430912103453, 851.0922057502066, 0.0, 2
317, 1610.8436067762939, Server_00, 3.0417973963282776, 851.0922057502293, 0.0, 3
318, 1614.5329837659847, Server_00, 2.5526430912103453, 851.0922057502066, 0.0, 2
319, 1620.325540631964, Server_00, 3.0417973963282776, 851.0922057502293, 0.0, 3
320, 1626.1180974979434, Server_00, 3.0417973963282776, 851.0922057502293, 0.0, 3
321, 1629.8074744876342, Server_00, 2.5526430912103453, 851.0922057502066, 0.0, 2
322, 1635.6000313536135, Server_00, 3.0417973963282776, 851.0922057502293, 0.0, 3
323, 1639.2894083433043, Server_00, 2.5526430912103453, 851.0922057502066, 0.0, 2
324, 1645.0819652092837, Server_00, 3.0417973963282776, 851.0922057502293, 0.0, 3
325, 1650.874522075263, Server_00, 3.0417973963282776, 851.0922057502293, 0.0, 3
326, 1654.5638990649538, Server_00, 2.5526430912103453, 851.0922057502066, 0.0, 2
327, 1660.3564559309332, Server_00, 3.0417973963282776, 851.0922057502293, 0.0, 3
328, 1666.1490127969125, Server_00, 3.0417973963282776, 851.0922057502293, 0.0, 3
329, 1669.8383897866033, Server_00, 2.5526430912103453, 851.0922057502066, 0.0, 2
330, 1675.6309466525827, Server_00, 3.0417973963282776, 851.0922057502293, 0.0, 3
331, 1679.3203236422735, Server_00, 2.5526430912103453, 851.0922057502066, 0.0, 2
332, 1685.1128805082528, Server_00, 3.0417973963282776, 851.0922057502293, 0.0, 3
333, 1690.9054373742322, Server_00, 3.0417973963282776, 851.0922057502293, 0.0, 3
334, 1694.594814363923, Server_00, 2.5526430912103453, 851.0922057502066, 0.0, 2
335, 1700.3873712299023, Server_00, 3.0417973963282776, 851.0922057502293, 0.0, 3
336, 1706.1799280958817, Server_00, 3.0417973963282776, 851.0922057502293, 0.0, 3
337, 1709.8693050855725, Server_00, 2.5526430912103453, 851.0922057502066, 0.0, 2
338, 1715.6618619515518, Server_00, 3.0417973963282776, 851.0922057502293, 0.0, 3
339, 1719.3512389412426, Server_00, 2.5526430912103453, 851.0922057502066, 0.0, 2
340, 1725.143795807222, Server_00, 3.0417973963282776, 851.0922057502293, 0.0, 3
341, 1730.9363526732013, Server_00, 3.0417973963282776, 851.0922057502293, 0.0, 3
342, 1734.6257296628921, Server_00, 2.5526430912103453, 851.0922057502066, 0.0, 2
343, 1740.478487097882, Server_00, 3.0417973963282776, 842.3380013199829, 0.0, 3
344, 1746.3803374896345, Server_00, 3.0417973963282776, 835.3312389770787, 0.0, 3
345, 1750.1393253659232, Server_00, 2.5526430912103453, 835.3312389770508, 0.0, 2
346, 1756.0411757576758, Server_00, 3.0417973963282776, 835.3312389770787, 0.0, 3
347, 1759.8001636339645, Server_00, 2.5526430912103453, 835.3312389770508, 0.0, 2
348, 1765.7108616326193, Server_00, 3.0417973963282776, 834.0808481708982, 0.0, 3
349, 1769.5394603955058, Server_00, 2.5526430912103453, 820.1433982684223, 0.0, 2
350, 1775.5506043130315, Server_00, 3.0417973963282776, 820.1433982684063, 0.0, 3
351, 1781.5617482305572, Server_00, 3.0417973963282776, 820.1433982684063, 0.0, 3
352, 1785.3903469934437, Server_00, 2.5526430912103453, 820.1433982684223, 0.0, 2
353, 1791.4014909109694, Server_00, 3.0417973963282776, 820.1433982684063, 0.0, 3
354, 1795.230089673856, Server_00, 2.5526430912103453, 820.1433982684223, 0.0, 2
355, 1801.2412335913816, Server_00, 3.0417973963282776, 820.1433982684063, 0.0, 3
356, 1805.069832354268, Server_00, 2.5526430912103453, 820.1433982684223, 0.0, 2
357, 1811.0809762717938, Server_00, 3.0417973963282776, 820.1433982684063, 0.0, 3
358, 1814.9095750346803, Server_00, 2.5526430912103453, 820.1433982684223, 0.0, 2
359, 1820.920718952206, Server_00, 3.0417973963282776, 820.1433982684063, 0.0, 3
360, 1824.7493177150925, Server_00, 2.5526430912103453, 820.1433982684223, 0.0, 2
361, 1830.7604616326182, Server_00, 3.0417973963282776, 820.1433982684063, 0.0, 3
362, 1834.5890603955047, Server_00, 2.5526430912103453, 820.1433982684223, 0.0, 2
363, 1840.6002043130304, Server_00, 3.0417973963282776, 820.1433982684063, 0.0, 3
364, 1844.4350545920886, Server_00, 2.5526430912103453, 818.8064126381419, 0.0, 2
365, 1850.5554920353875, Server_00, 3.0417973963282776, 805.4979804421863, 0.0, 3
366, 1856.6759294786864, Server_00, 3.0417973963282776, 805.4979804421863, 0.0, 3
367, 1860.5741391281708, Server_00, 2.5526430912103453, 805.4979804421962, 0.0, 2
368, 1866.6945765714697, Server_00, 3.0417973963282776, 805.4979804421863, 0.0, 3
369, 1870.5927862209542, Server_00, 2.5526430912103453, 805.4979804421962, 0.0, 2
370, 1874.4909958704386, Server_00, 2.5526430912103453, 805.4979804421962, 0.0, 2
371, 1880.6114333137375, Server_00, 3.0417973963282776, 805.4979804421863, 0.0, 3
372, 1884.509642963222, Server_00, 2.5526430912103453, 805.4979804421962, 0.0, 2
373, 1890.6300804065208, Server_00, 3.0417973963282776, 805.4979804421863, 0.0, 3
374, 1894.5282900560053, Server_00, 2.5526430912103453, 805.4979804421962, 0.0, 2
375, 1900.6487274993042, Server_00, 3.0417973963282776, 805.4979804421863, 0.0, 3
376, 1904.5469371487886, Server_00, 2.5526430912103453, 805.4979804421962, 0.0, 2
377, 1910.6673745920875, Server_00, 3.0417973963282776, 805.4979804421863, 0.0, 3
378, 1914.565584241572, Server_00, 2.5526430912103453, 805.4979804421962, 0.0, 2
379, 1920.6860216848709, Server_00, 3.0417973963282776, 805.4979804421863, 0.0, 3
380, 1924.5842313343553, Server_00, 2.5526430912103453, 805.4979804421962, 0.0, 2
381, 1930.7046687776542, Server_00, 3.0417973963282776, 805.4979804421863, 0.0, 3
382, 1934.6028784271386, Server_00, 2.5526430912103453, 805.4979804421962, 0.0, 2
383, 1940.7233158704375, Server_00, 3.0417973963282776, 805.4979804421863, 0.0, 3
384, 1944.621525519922, Server_00, 2.5526430912103453, 805.4979804421962, 0.0, 2
385, 1950.7419629632209, Server_00, 3.0417973963282776, 805.4979804421863, 0.0, 3
386, 1954.6401726127053, Server_00, 2.5526430912103453, 805.4979804421962, 0.0, 2
387, 1960.7606100560042, Server_00, 3.0417973963282776, 805.4979804421863, 0.0, 3
388, 1964.6588197054887, Server_00, 2.5526430912103453, 805.4979804421962, 0.0, 2
389, 1970.7792571487876, Server_00, 3.0417973963282776, 805.4979804421863, 0.0, 3
390, 1974.677466798272, Server_00, 2.5526430912103453, 805.4979804421962, 0.0, 2
391, 1980.797904241571, Server_00, 3.0417973963282776, 805.4979804421863, 0.0, 3
392, 1984.6961138910553, Server_00, 2.5526430912103453, 805.4979804421962, 0.0, 2
393, 1990.8165513343542, Server_00, 3.0417973963282776, 805.4979804421863, 0.0, 3
394, 1994.7147609838387, Server_00, 2.5526430912103453, 805.4979804421962, 0.0, 2
395, 2000.8351984271376, Server_00, 3.0417973963282776, 805.4979804421863, 0.0, 3
396, 2004.733408076622, Server_00, 2.5526430912103453, 805.4979804421962, 0.0, 2
397, 2010.853845519921, Server_00, 3.0417973963282776, 805.4979804421863, 0.0, 3
398, 2014.7520551694054, Server_00, 2.5526430912103453, 805.4979804421962, 0.0, 2
399, 2020.8724926127043, Server_00, 3.0417973963282776, 805.4979804421863, 0.0, 3
400, 2024.7707022621887, Server_00, 2.5526430912103453, 805.4979804421962, 0.0, 2
401, 2030.98142855641, Server_00, 3.0417973963282776, 793.7879994143419, 0.0, 3
402, 2034.9492490924924, Server_00, 2.5526430912103453, 791.3664369256624, 0.0, 2
403, 2041.1789800615645, Server_00, 3.0417973963282776, 791.3664369256583, 0.0, 3
404, 2045.146800597647, Server_00, 2.5526430912103453, 791.3664369256624, 0.0, 2
405, 2051.376531566719, Server_00, 3.0417973963282776, 791.3664369256294, 0.0, 3
406, 2055.3443521028016, Server_00, 2.5526430912103453, 791.3664369256624, 0.0, 2
407, 2061.5740830718737, Server_00, 3.0417973963282776, 791.3664369256583, 0.0, 3
408, 2065.541903607956, Server_00, 2.5526430912103453, 791.3664369256624, 0.0, 2
409, 2071.771634577028, Server_00, 3.0417973963282776, 791.3664369256583, 0.0, 3
410, 2075.7394551131106, Server_00, 2.5526430912103453, 791.3664369256624, 0.0, 2
411, 2079.707275649193, Server_00, 2.5526430912103453, 791.3664369256624, 0.0, 2
412, 2085.937006618265, Server_00, 3.0417973963282776, 791.3664369256583, 0.0, 3
413, 2089.9048271543475, Server_00, 2.5526430912103453, 791.3664369256624, 0.0, 2
414, 2096.1345581234195, Server_00, 3.0417973963282776, 791.3664369256583, 0.0, 3
415, 2100.102378659502, Server_00, 2.5526430912103453, 791.3664369256624, 0.0, 2
416, 2106.332109628574, Server_00, 3.0417973963282776, 791.3664369256583, 0.0, 3
417, 2110.2999301646564, Server_00, 2.5526430912103453, 791.3664369256624, 0.0, 2
418, 2116.5296611337285, Server_00, 3.0417973963282776, 791.3664369256583, 0.0, 3
419, 2120.497481669811, Server_00, 2.5526430912103453, 791.3664369256624, 0.0, 2
420, 2126.727212638883, Server_00, 3.0417973963282776, 791.3664369256583, 0.0, 3
421, 2130.6950331749654, Server_00, 2.5526430912103453, 791.3664369256624, 0.0, 2
422, 2134.662853711048, Server_00, 2.5526430912103453, 791.3664369256624, 0.0, 2
423, 2140.89258468012, Server_00, 3.0417973963282776, 791.3664369256583, 0.0, 3
424, 2144.8604052162023, Server_00, 2.5526430912103453, 791.3664369256624, 0.0, 2
425, 2151.0901361852743, Server_00, 3.0417973963282776, 791.3664369256583, 0.0, 3
426, 2155.0579567213567, Server_00, 2.5526430912103453, 791.3664369256624, 0.0, 2
427, 2161.287687690429, Server_00, 3.0417973963282776, 791.3664369256583, 0.0, 3
428, 2165.255508226511, Server_00, 2.5526430912103453, 791.3664369256624, 0.0, 2
429, 2171.4852391955833, Server_00, 3.0417973963282776, 791.3664369256583, 0.0, 3
430, 2175.4530597316657, Server_00, 2.5526430912103453, 791.3664369256624, 0.0, 2
431, 2181.6827907007378, Server_00, 3.0417973963282776, 791.3664369256583, 0.0, 3
432, 2185.65061123682, Server_00, 2.5526430912103453, 791.3664369256624, 0.0, 2
433, 2189.6608401285525, Server_00, 2.5526430912103453, 782.9977003241728, 0.0, 2
434, 2195.999864623398, Server_00, 3.0417973963282776, 777.7221880131206, 0.0, 3
435, 2200.0372960460786, Server_00, 2.5526430912103453, 777.7221880131033, 0.0, 2
436, 2206.376320540924, Server_00, 3.0417973963282776, 777.7221880131206, 0.0, 3
437, 2210.4137519636047, Server_00, 2.5526430912103453, 777.7221880131033, 0.0, 2
438, 2216.75277645845, Server_00, 3.0417973963282776, 777.7221880131206, 0.0, 3
439, 2220.7902078811308, Server_00, 2.5526430912103453, 777.7221880131033, 0.0, 2
440, 2224.8276393038113, Server_00, 2.5526430912103453, 777.7221880131033, 0.0, 2
441, 2231.166663798657, Server_00, 3.0417973963282776, 777.7221880131206, 0.0, 3
442, 2235.2040952213374, Server_00, 2.5526430912103453, 777.7221880131033, 0.0, 2
443, 2241.543119716183, Server_00, 3.0417973963282776, 777.7221880131206, 0.0, 3
444, 2245.5805511388635, Server_00, 2.5526430912103453, 777.7221880131033, 0.0, 2
445, 2251.919575633709, Server_00, 3.0417973963282776, 777.7221880131206, 0.0, 3
446, 2255.9570070563896, Server_00, 2.5526430912103453, 777.7221880131033, 0.0, 2
447, 2259.99443847907, Server_00, 2.5526430912103453, 777.7221880131033, 0.0, 2
448, 2266.3334629739156, Server_00, 3.0417973963282776, 777.7221880131206, 0.0, 3
449, 2270.370894396596, Server_00, 2.5526430912103453, 777.7221880131033, 0.0, 2
450, 2276.7099188914417, Server_00, 3.0417973963282776, 777.7221880131206, 0.0, 3
451, 2280.7473503141223, Server_00, 2.5526430912103453, 777.7221880131033, 0.0, 2
452, 2284.784781736803, Server_00, 2.5526430912103453, 777.7221880131033, 0.0, 2
453, 2291.1238062316484, Server_00, 3.0417973963282776, 777.7221880131206, 0.0, 3
454, 2295.161237654329, Server_00, 2.5526430912103453, 777.7221880131033, 0.0, 2
455, 2301.5002621491744, Server_00, 3.0417973963282776, 777.7221880131206, 0.0, 3
456, 2305.537693571855, Server_00, 2.5526430912103453, 777.7221880131033, 0.0, 2
457, 2311.8767180667005, Server_00, 3.0417973963282776, 777.7221880131206, 0.0, 3
458, 2315.943527673843, Server_00, 2.5526430912103453, 772.1040086275798, 0.0, 2
459, 2320.0505699831215, Server_00, 2.5526430912103453, 764.5404560129206, 0.0, 2
460, 2326.49888800374, Server_00, 3.0417973963282776, 764.5404560129269, 0.0, 3
461, 2330.6059303130182, Server_00, 2.5526430912103453, 764.5404560129206, 0.0, 2
462, 2334.7129726222965, Server_00, 2.5526430912103453, 764.5404560129206, 0.0, 2
463, 2341.161290642915, Server_00, 3.0417973963282776, 764.5404560129269, 0.0, 3
464, 2345.2683329521933, Server_00, 2.5526430912103453, 764.5404560129206, 0.0, 2
465, 2351.7166509728117, Server_00, 3.0417973963282776, 764.5404560129269, 0.0, 3
466, 2355.82369328209, Server_00, 2.5526430912103453, 764.5404560129206, 0.0, 2
467, 2359.9307355913684, Server_00, 2.5526430912103453, 764.5404560129206, 0.0, 2
468, 2366.379053611987, Server_00, 3.0417973963282776, 764.5404560129269, 0.0, 3
469, 2370.486095921265, Server_00, 2.5526430912103453, 764.5404560129206, 0.0, 2
470, 2376.9344139418836, Server_00, 3.0417973963282776, 764.5404560129269, 0.0, 3
471, 2381.041456251162, Server_00, 2.5526430912103453, 764.5404560129206, 0.0, 2
472, 2385.14849856044, Server_00, 2.5526430912103453, 764.5404560129206, 0.0, 2
473, 2391.5968165810586, Server_00, 3.0417973963282776, 764.5404560129269, 0.0, 3
474, 2395.703858890337, Server_00, 2.5526430912103453, 764.5404560129206, 0.0, 2
475, 2399.8109011996153, Server_00, 2.5526430912103453, 764.5404560129206, 0.0, 2
476, 2406.2592192202337, Server_00, 3.0417973963282776, 764.5404560129269, 0.0, 3
477, 2410.366261529512, Server_00, 2.5526430912103453, 764.5404560129206, 0.0, 2
478, 2416.8145795501305, Server_00, 3.0417973963282776, 764.5404560129269, 0.0, 3
479, 2420.921621859409, Server_00, 2.5526430912103453, 764.5404560129206, 0.0, 2
480, 2425.028664168687, Server_00, 2.5526430912103453, 764.5404560129206, 0.0, 2
481, 2431.4769821893055, Server_00, 3.0417973963282776, 764.5404560129269, 0.0, 3
482, 2435.584024498584, Server_00, 2.5526430912103453, 764.5404560129206, 0.0, 2
483, 2439.691066807862, Server_00, 2.5526430912103453, 764.5404560129206, 0.0, 2
484, 2446.1393848284806, Server_00, 3.0417973963282776, 764.5404560129269, 0.0, 3
485, 2450.246427137759, Server_00, 2.5526430912103453, 764.5404560129206, 0.0, 2
486, 2456.6947451583774, Server_00, 3.0417973963282776, 764.5404560129269, 0.0, 3
487, 2460.8017874676557, Server_00, 2.5526430912103453, 764.5404560129206, 0.0, 2
488, 2464.908829776934, Server_00, 2.5526430912103453, 764.5404560129206, 0.0, 2
489, 2471.3571477975524, Server_00, 3.0417973963282776, 764.5404560129269, 0.0, 3
490, 2475.4641901068308, Server_00, 2.5526430912103453, 764.5404560129206, 0.0, 2
491, 2481.912508127449, Server_00, 3.0417973963282776, 764.5404560129269, 0.0, 3
492, 2486.0195504367275, Server_00, 2.5526430912103453, 764.5404560129206, 0.0, 2
493, 2490.126592746006, Server_00, 2.5526430912103453, 764.5404560129206, 0.0, 2
494, 2496.5749107666243, Server_00, 3.0417973963282776, 764.5404560129269, 0.0, 3
495, 2500.6819530759026, Server_00, 2.5526430912103453, 764.5404560129206, 0.0, 2
496, 2504.788995385181, Server_00, 2.5526430912103453, 764.5404560129206, 0.0, 2
497, 2511.2373134057993, Server_00, 3.0417973963282776, 764.5404560129269, 0.0, 3
498, 2515.3443557150777, Server_00, 2.5526430912103453, 764.5404560129206, 0.0, 2
499, 2521.792673735696, Server_00, 3.0417973963282776, 764.5404560129269, 0.0, 3
500, 2525.8997160449744, Server_00, 2.5526430912103453, 764.5404560129206, 0.0, 2
501, 2530.0067583542527, Server_00, 2.5526430912103453, 764.5404560129206, 0.0, 2
502, 2536.455076374871, Server_00, 3.0417973963282776, 764.5404560129269, 0.0, 3
503, 2540.5621186841495, Server_00, 2.5526430912103453, 764.5404560129206, 0.0, 2
504, 2547.010436704768, Server_00, 3.0417973963282776, 764.5404560129269, 0.0, 3
505, 2551.1174790140462, Server_00, 2.5526430912103453, 764.5404560129206, 0.0, 2
506, 2555.2245213233246, Server_00, 2.5526430912103453, 764.5404560129206, 0.0, 2
507, 2561.672839343943, Server_00, 3.0417973963282776, 764.5404560129269, 0.0, 3
508, 2565.7798816532213, Server_00, 2.5526430912103453, 764.5404560129206, 0.0, 2
509, 2569.8869239624996, Server_00, 2.5526430912103453, 764.5404560129206, 0.0, 2
510, 2576.335241983118, Server_00, 3.0417973963282776, 764.5404560129269, 0.0, 3
511, 2580.4422842923964, Server_00, 2.5526430912103453, 764.5404560129206, 0.0, 2
512, 2586.890602313015, Server_00, 3.0417973963282776, 764.5404560129269, 0.0, 3
513, 2590.997644622293, Server_00, 2.5526430912103453, 764.5404560129206, 0.0, 2
514, 2595.1046869315715, Server_00, 2.5526430912103453, 764.5404560129206, 0.0, 2
515, 2601.55300495219, Server_00, 3.0417973963282776, 764.5404560129269, 0.0, 3
516, 2605.660047261468, Server_00, 2.5526430912103453, 764.5404560129206, 0.0, 2
517, 2609.7670895707465, Server_00, 2.5526430912103453, 764.5404560129206, 0.0, 2
518, 2616.215407591365, Server_00, 3.0417973963282776, 764.5404560129269, 0.0, 3
519, 2620.3224499006433, Server_00, 2.5526430912103453, 764.5404560129206, 0.0, 2
520, 2626.7707679212617, Server_00, 3.0417973963282776, 764.5404560129269, 0.0, 3
521, 2630.87781023054, Server_00, 2.5526430912103453, 764.5404560129206, 0.0, 2
522, 2634.9848525398183, Server_00, 2.5526430912103453, 764.5404560129206, 0.0, 2
523, 2641.433170560437, Server_00, 3.0417973963282776, 764.5404560129269, 0.0, 3
524, 2645.540212869715, Server_00, 2.5526430912103453, 764.5404560129206, 0.0, 2
525, 2651.9885308903335, Server_00, 3.0417973963282776, 764.5404560129269, 0.0, 3
526, 2656.095573199612, Server_00, 2.5526430912103453, 764.5404560129206, 0.0, 2
527, 2660.20261550889, Server_00, 2.5526430912103453, 764.5404560129206, 0.0, 2
528, 2666.6509335295086, Server_00, 3.0417973963282776, 764.5404560129269, 0.0, 3
529, 2670.757975838787, Server_00, 2.5526430912103453, 764.5404560129206, 0.0, 2
530, 2674.8650181480652, Server_00, 2.5526430912103453, 764.5404560129206, 0.0, 2
531, 2681.3133361686837, Server_00, 3.0417973963282776, 764.5404560129269, 0.0, 3
532, 2685.420378477962, Server_00, 2.5526430912103453, 764.5404560129206, 0.0, 2
533, 2691.8686964985804, Server_00, 3.0417973963282776, 764.5404560129269, 0.0, 3
534, 2695.9757388078588, Server_00, 2.5526430912103453, 764.5404560129206, 0.0, 2
535, 2700.082781117137, Server_00, 2.5526430912103453, 764.5404560129206, 0.0, 2
536, 2706.5310991377555, Server_00, 3.0417973963282776, 764.5404560129269, 0.0, 3
537, 2710.638141447034, Server_00, 2.5526430912103453, 764.5404560129206, 0.0, 2
538, 2714.745183756312, Server_00, 2.5526430912103453, 764.5404560129206, 0.0, 2
539, 2721.1935017769306, Server_00, 3.0417973963282776, 764.5404560129269, 0.0, 3
540, 2725.300544086209, Server_00, 2.5526430912103453, 764.5404560129206, 0.0, 2
541, 2731.7488621068273, Server_00, 3.0417973963282776, 764.5404560129269, 0.0, 3
542, 2735.8559044161057, Server_00, 2.5526430912103453, 764.5404560129206, 0.0, 2
543, 2739.962946725384, Server_00, 2.5526430912103453, 764.5404560129206, 0.0, 2
544, 2746.4112647460024, Server_00, 3.0417973963282776, 764.5404560129269, 0.0, 3
545, 2750.5183070552807, Server_00, 2.5526430912103453, 764.5404560129206, 0.0, 2
546, 2756.966625075899, Server_00, 3.0417973963282776, 764.5404560129269, 0.0, 3
547, 2761.0736673851775, Server_00, 2.5526430912103453, 764.5404560129206, 0.0, 2
548, 2765.180709694456, Server_00, 2.5526430912103453, 764.5404560129206, 0.0, 2
549, 2771.6290277150742, Server_00, 3.0417973963282776, 764.5404560129269, 0.0, 3
550, 2775.7360700243526, Server_00, 2.5526430912103453, 764.5404560129206, 0.0, 2
551, 2779.843112333631, Server_00, 2.5526430912103453, 764.5404560129206, 0.0, 2
552, 2786.2914303542493, Server_00, 3.0417973963282776, 764.5404560129269, 0.0, 3
553, 2790.3984726635276, Server_00, 2.5526430912103453, 764.5404560129206, 0.0, 2
554, 2796.846790684146, Server_00, 3.0417973963282776, 764.5404560129269, 0.0, 3
555, 2800.9538329934244, Server_00, 2.5526430912103453, 764.5404560129206, 0.0, 2
556, 2805.0608753027027, Server_00, 2.5526430912103453, 764.5404560129206, 0.0, 2
557, 2811.509193323321, Server_00, 3.0417973963282776, 764.5404560129269, 0.0, 3
558, 2815.6162356325995, Server_00, 2.5526430912103453, 764.5404560129206, 0.0, 2
559, 2819.7232779418778, Server_00, 2.5526430912103453, 764.5404560129206, 0.0, 2
560, 2826.171595962496, Server_00, 3.0417973963282776, 764.5404560129269, 0.0, 3
561, 2830.2786382717745, Server_00, 2.5526430912103453, 764.5404560129206, 0.0, 2
562, 2836.726956292393, Server_00, 3.0417973963282776, 764.5404560129269, 0.0, 3
563, 2840.8339986016713, Server_00, 2.5526430912103453, 764.5404560129206, 0.0, 2
564, 2844.9410409109496, Server_00, 2.5526430912103453, 764.5404560129206, 0.0, 2
565, 2851.389358931568, Server_00, 3.0417973963282776, 764.5404560129269, 0.0, 3
566, 2855.4964012408464, Server_00, 2.5526430912103453, 764.5404560129206, 0.0, 2
567, 2861.944719261465, Server_00, 3.0417973963282776, 764.5404560129269, 0.0, 3
568, 2866.051761570743, Server_00, 2.5526430912103453, 764.5404560129206, 0.0, 2
569, 2870.1588038800214, Server_00, 2.5526430912103453, 764.5404560129206, 0.0, 2
570, 2876.60712190064, Server_00, 3.0417973963282776, 764.5404560129269, 0.0, 3
571, 2880.714164209918, Server_00, 2.5526430912103453, 764.5404560129206, 0.0, 2
572, 2884.8212065191965, Server_00, 2.5526430912103453, 764.5404560129206, 0.0, 2
573, 2891.269524539815, Server_00, 3.0417973963282776, 764.5404560129269, 0.0, 3
574, 2895.3765668490933, Server_00, 2.5526430912103453, 764.5404560129206, 0.0, 2
575, 2901.8248848697117, Server_00, 3.0417973963282776, 764.5404560129269, 0.0, 3
576, 2905.93192717899, Server_00, 2.5526430912103453, 764.5404560129206, 0.0, 2
577, 2910.0389694882683, Server_00, 2.5526430912103453, 764.5404560129206, 0.0, 2
578, 2916.4872875088868, Server_00, 3.0417973963282776, 764.5404560129269, 0.0, 3
579, 2920.594329818165, Server_00, 2.5526430912103453, 764.5404560129206, 0.0, 2
580, 2924.7013721274434, Server_00, 2.5526430912103453, 764.5404560129206, 0.0, 2
581, 2931.149690148062, Server_00, 3.0417973963282776, 764.5404560129269, 0.0, 3
582, 2935.25673245734, Server_00, 2.5526430912103453, 764.5404560129206, 0.0, 2
583, 2941.7050504779586, Server_00, 3.0417973963282776, 764.5404560129269, 0.0, 3
584, 2945.812092787237, Server_00, 2.5526430912103453, 764.5404560129206, 0.0, 2
585, 2949.919135096515, Server_00, 2.5526430912103453, 764.5404560129206, 0.0, 2
586, 2956.3674531171337, Server_00, 3.0417973963282776, 764.5404560129269, 0.0, 3
587, 2960.474495426412, Server_00, 2.5526430912103453, 764.5404560129206, 0.0, 2
588, 2966.9228134470304, Server_00, 3.0417973963282776, 764.5404560129269, 0.0, 3
589, 2971.0298557563087, Server_00, 2.5526430912103453, 764.5404560129206, 0.0, 2
590, 2975.136898065587, Server_00, 2.5526430912103453, 764.5404560129206, 0.0, 2
591, 2981.5852160862055, Server_00, 3.0417973963282776, 764.5404560129269, 0.0, 3
592, 2985.692258395484, Server_00, 2.5526430912103453, 764.5404560129206, 0.0, 2
593, 2989.799300704762, Server_00, 2.5526430912103453, 764.5404560129206, 0.0, 2
594, 2996.2476187253806, Server_00, 3.0417973963282776, 764.5404560129269, 0.0, 3
595, 3000.354661034659, Server_00, 2.5526430912103453, 764.5404560129206, 0.0, 2
596, 3006.8029790552773, Server_00, 3.0417973963282776, 764.5404560129269, 0.0, 3
597, 3010.9100213645556, Server_00, 2.5526430912103453, 764.5404560129206, 0.0, 2
598, 3015.017063673834, Server_00, 2.5526430912103453, 764.5404560129206, 0.0, 2
599, 3021.4653816944524, Server_00, 3.0417973963282776, 764.5404560129269, 0.0, 3
600, 3025.5724240037307, Server_00, 2.5526430912103453, 764.5404560129206, 0.0, 2
601, 3032.020742024349, Server_00, 3.0417973963282776, 764.5404560129269, 0.0, 3
602, 3036.1277843336275, Server_00, 2.5526430912103453, 764.5404560129206, 0.0, 2
603, 3040.234826642906, Server_00, 2.5526430912103453, 764.5404560129206, 0.0, 2
604, 3046.683144663524, Server_00, 3.0417973963282776, 764.5404560129269, 0.0, 3
605, 3050.7901869728025, Server_00, 2.5526430912103453, 764.5404560129206, 0.0, 2
606, 3054.897229282081, Server_00, 2.5526430912103453, 764.5404560129206, 0.0, 2
607, 3061.3455473026993, Server_00, 3.0417973963282776, 764.5404560129269, 0.0, 3
608, 3065.4525896119776, Server_00, 2.5526430912103453, 764.5404560129206, 0.0, 2
609, 3071.900907632596, Server_00, 3.0417973963282776, 764.5404560129269, 0.0, 3
610, 3076.0079499418744, Server_00, 2.5526430912103453, 764.5404560129206, 0.0, 2
611, 3080.1149922511527, Server_00, 2.5526430912103453, 764.5404560129206, 0.0, 2
612, 3086.563310271771, Server_00, 3.0417973963282776, 764.5404560129269, 0.0, 3
613, 3090.6703525810494, Server_00, 2.5526430912103453, 764.5404560129206, 0.0, 2
614, 3094.7773948903277, Server_00, 2.5526430912103453, 764.5404560129206, 0.0, 2
615, 3101.225712910946, Server_00, 3.0417973963282776, 764.5404560129269, 0.0, 3
616, 3105.3327552202245, Server_00, 2.5526430912103453, 764.5404560129206, 0.0, 2
617, 3111.781073240843, Server_00, 3.0417973963282776, 764.5404560129269, 0.0, 3
618, 3115.8881155501213, Server_00, 2.5526430912103453, 764.5404560129206, 0.0, 2
619, 3119.9951578593996, Server_00, 2.5526430912103453, 764.5404560129206, 0.0, 2
620, 3126.443475880018, Server_00, 3.0417973963282776, 764.5404560129269, 0.0, 3
621, 3130.5505181892963, Server_00, 2.5526430912103453, 764.5404560129206, 0.0, 2
622, 3136.9988362099148, Server_00, 3.0417973963282776, 764.5404560129269, 0.0, 3
623, 3141.105878519193, Server_00, 2.5526430912103453, 764.5404560129206, 0.0, 2
624, 3145.2129208284714, Server_00, 2.5526430912103453, 764.5404560129206, 0.0, 2
625, 3151.66123884909, Server_00, 3.0417973963282776, 764.5404560129269, 0.0, 3
626, 3155.768281158368, Server_00, 2.5526430912103453, 764.5404560129206, 0.0, 2
627, 3159.8753234676465, Server_00, 2.5526430912103453, 764.5404560129206, 0.0, 2
628, 3166.323641488265, Server_00, 3.0417973963282776, 764.5404560129269, 0.0, 3
629, 3170.430683797543, Server_00, 2.5526430912103453, 764.5404560129206, 0.0, 2
630, 3176.8790018181617, Server_00, 3.0417973963282776, 764.5404560129269, 0.0, 3
631, 3180.98604412744, Server_00, 2.5526430912103453, 764.5404560129206, 0.0, 2
632, 3185.0930864367183, Server_00, 2.5526430912103453, 764.5404560129206, 0.0, 2
633, 3191.5414044573367, Server_00, 3.0417973963282776, 764.5404560129269, 0.0, 3
634, 3195.648446766615, Server_00, 2.5526430912103453, 764.5404560129206, 0.0, 2
635, 3199.7554890758934, Server_00, 2.5526430912103453, 764.5404560129206, 0.0, 2
636, 3206.203807096512, Server_00, 3.0417973963282776, 764.5404560129269, 0.0, 3
637, 3210.31084940579, Server_00, 2.5526430912103453, 764.5404560129206, 0.0, 2
638, 3216.7591674264086, Server_00, 3.0417973963282776, 764.5404560129269, 0.0, 3
639, 3220.866209735687, Server_00, 2.5526430912103453, 764.5404560129206, 0.0, 2
640, 3224.973252044965, Server_00, 2.5526430912103453, 764.5404560129206, 0.0, 2
641, 3231.4215700655836, Server_00, 3.0417973963282776, 764.5404560129269, 0.0, 3
642, 3235.528612374862, Server_00, 2.5526430912103453, 764.5404560129206, 0.0, 2
643, 3241.9769303954804, Server_00, 3.0417973963282776, 764.5404560129269, 0.0, 3
644, 3246.0839727047587, Server_00, 2.5526430912103453, 764.5404560129206, 0.0, 2
645, 3250.191015014037, Server_00, 2.5526430912103453, 764.5404560129206, 0.0, 2
646, 3256.6393330346555, Server_00, 3.0417973963282776, 764.5404560129269, 0.0, 3
647, 3260.746375343934, Server_00, 2.5526430912103453, 764.5404560129206, 0.0, 2
648, 3264.853417653212, Server_00, 2.5526430912103453, 764.5404560129206, 0.0, 2
649, 3271.3017356738305, Server_00, 3.0417973963282776, 764.5404560129269, 0.0, 3
650, 3275.408777983109, Server_00, 2.5526430912103453, 764.5404560129206, 0.0, 2
651, 3281.8570960037273, Server_00, 3.0417973963282776, 764.5404560129269, 0.0, 3
652, 3285.9641383130056, Server_00, 2.5526430912103453, 764.5404560129206, 0.0, 2
653, 3290.071180622284, Server_00, 2.5526430912103453, 764.5404560129206, 0.0, 2
654, 3296.5194986429024, Server_00, 3.0417973963282776, 764.5404560129269, 0.0, 3
655, 3300.6265409521807, Server_00, 2.5526430912103453, 764.5404560129206, 0.0, 2
656, 3304.733583261459, Server_00, 2.5526430912103453, 764.5404560129206, 0.0, 2
657, 3311.1819012820774, Server_00, 3.0417973963282776, 764.5404560129269, 0.0, 3
658, 3315.2889435913557, Server_00, 2.5526430912103453, 764.5404560129206, 0.0, 2
659, 3321.737261611974, Server_00, 3.0417973963282776, 764.5404560129269, 0.0, 3
660, 3325.8443039212525, Server_00, 2.5526430912103453, 764.5404560129206, 0.0, 2
661, 3329.951346230531, Server_00, 2.5526430912103453, 764.5404560129206, 0.0, 2
662, 3336.3996642511493, Server_00, 3.0417973963282776, 764.5404560129269, 0.0, 3
663, 3340.5067065604276, Server_00, 2.5526430912103453, 764.5404560129206, 0.0, 2
664, 3346.955024581046, Server_00, 3.0417973963282776, 764.5404560129269, 0.0, 3
665, 3351.0620668903243, Server_00, 2.5526430912103453, 764.5404560129206, 0.0, 2
666, 3355.1691091996026, Server_00, 2.5526430912103453, 764.5404560129206, 0.0, 2
667, 3361.617427220221, Server_00, 3.0417973963282776, 764.5404560129269, 0.0, 3
668, 3365.7244695294994, Server_00, 2.5526430912103453, 764.5404560129206, 0.0, 2
669, 3369.8315118387777, Server_00, 2.5526430912103453, 764.5404560129206, 0.0, 2
670, 3376.279829859396, Server_00, 3.0417973963282776, 764.5404560129269, 0.0, 3
671, 3380.3868721686745, Server_00, 2.5526430912103453, 764.5404560129206, 0.0, 2
672, 3386.835190189293, Server_00, 3.0417973963282776, 764.5404560129269, 0.0, 3
673, 3390.9422324985712, Server_00, 2.5526430912103453, 764.5404560129206, 0.0, 2
674, 3395.0492748078495, Server_00, 2.5526430912103453, 764.5404560129206, 0.0, 2
675, 3401.497592828468, Server_00, 3.0417973963282776, 764.5404560129269, 0.0, 3
676, 3405.6046351377463, Server_00, 2.5526430912103453, 764.5404560129206, 0.0, 2
677, 3409.7116774470246, Server_00, 2.5526430912103453, 764.5404560129206, 0.0, 2
678, 3416.159995467643, Server_00, 3.0417973963282776, 764.5404560129269, 0.0, 3
679, 3420.2670377769214, Server_00, 2.5526430912103453, 764.5404560129206, 0.0, 2
680, 3426.71535579754, Server_00, 3.0417973963282776, 764.5404560129269, 0.0, 3
681, 3430.822398106818, Server_00, 2.5526430912103453, 764.5404560129206, 0.0, 2
682, 3434.9294404160964, Server_00, 2.5526430912103453, 764.5404560129206, 0.0, 2
683, 3441.377758436715, Server_00, 3.0417973963282776, 764.5404560129269, 0.0, 3
684, 3445.484800745993, Server_00, 2.5526430912103453, 764.5404560129206, 0.0, 2
685, 3451.9331187666116, Server_00, 3.0417973963282776, 764.5404560129269, 0.0, 3
686, 3456.04016107589, Server_00, 2.5526430912103453, 764.5404560129206, 0.0, 2
687, 3460.1472033851683, Server_00, 2.5526430912103453, 764.5404560129206, 0.0, 2
688, 3466.5955214057867, Server_00, 3.0417973963282776, 764.5404560129269, 0.0, 3
689, 3470.702563715065, Server_00, 2.5526430912103453, 764.5404560129206, 0.0, 2
690, 3474.8096060243433, Server_00, 2.5526430912103453, 764.5404560129206, 0.0, 2
691, 3481.257924044962, Server_00, 3.0417973963282776, 764.5404560129269, 0.0, 3
692, 3485.36496635424, Server_00, 2.5526430912103453, 764.5404560129206, 0.0, 2
693, 3491.8132843748585, Server_00, 3.0417973963282776, 764.5404560129269, 0.0, 3
694, 3495.920326684137, Server_00, 2.5526430912103453, 764.5404560129206, 0.0, 2
695, 3500.027368993415, Server_00, 2.5526430912103453, 764.5404560129206, 0.0, 2
696, 3506.4756870140336, Server_00, 3.0417973963282776, 764.5404560129269, 0.0, 3
697, 3510.582729323312, Server_00, 2.5526430912103453, 764.5404560129206, 0.0, 2
698, 3514.6897716325902, Server_00, 2.5526430912103453, 764.5404560129206, 0.0, 2
699, 3521.1380896532087, Server_00, 3.0417973963282776, 764.5404560129269, 0.0, 3
700, 3525.245131962487, Server_00, 2.5526430912103453, 764.5404560129206, 0.0, 2
701, 3531.6934499831054, Server_00, 3.0417973963282776, 764.5404560129269, 0.0, 3
702, 3535.8004922923838, Server_00, 2.5526430912103453, 764.5404560129206, 0.0, 2
703, 3539.907534601662, Server_00, 2.5526430912103453, 764.5404560129206, 0.0, 2
704, 3546.3558526222805, Server_00, 3.0417973963282776, 764.5404560129269, 0.0, 3
705, 3550.462894931559, Server_00, 2.5526430912103453, 764.5404560129206, 0.0, 2
706, 3556.9112129521773, Server_00, 3.0417973963282776, 764.5404560129269, 0.0, 3
707, 3561.0182552614556, Server_00, 2.5526430912103453, 764.5404560129206, 0.0, 2
708, 3565.125297570734, Server_00, 2.5526430912103453, 764.5404560129206, 0.0, 2
709, 3571.5736155913523, Server_00, 3.0417973963282776, 764.5404560129269, 0.0, 3
710, 3575.6806579006306, Server_00, 2.5526430912103453, 764.5404560129206, 0.0, 2
711, 3579.787700209909, Server_00, 2.5526430912103453, 764.5404560129206, 0.0, 2
712, 3585.8320345576294, Server_00, 3.0417973963282776, 815.639856497894, 0.0, 3
713, 3589.1324041050016, Server_00, 2.5526430912103453, 951.4086089238561, 0.0, 2
714, 3593.928640555943, Server_00, 3.0417973963282776, 1027.8892732722754, 0.0, 3
715, 3600.519453476662, Server_00, 3.531593941666367, 1175.1205948590205, 0.0, 4
716, 3607.044033105528, Server_00, 3.531593941666367, 1187.0496553884816, 0.0, 4
717, 3611.1971870849093, Server_00, 3.0417973963282776, 1187.0496553884875, 0.0, 3
718, 3615.3503410642907, Server_00, 3.0417973963282776, 1187.0496553884875, 0.0, 3
719, 3621.7946880521267, Server_00, 3.531593941666367, 1201.8285195721085, 0.0, 4
