0, 185.8958980584766, Server_06, 2.5526430912103453, 1288.7967687074838, 0.0, 2
1, 190.5900307972879, Server_0, 3.0417973963282776, 1050.2472499847593, 0.0, 3
2, 194.47138010800853, Server_06, 3.0417973963282776, 1270.176839374625, 0.0, 3
3, 198.49198704216516, Server_06, 3.0417973963282776, 1226.183031750186, 0.0, 3
4, 202.66843677326673, Server_06, 3.0417973963282776, 1180.4284302255148, 0.0, 3
5, 206.96560700715602, Server_06, 3.0417973963282776, 1147.2666270281659, 0.0, 3
6, 210.17117561015303, Server_0, 3.0417973963282776, 1537.9486794919194, 0.0, 3
7, 214.57010241391248, Server_06, 3.0417973963282776, 1120.7279002202715, 0.0, 3
8, 218.11565579380866, Server_0, 3.0417973963282776, 1390.4740591282152, 0.0, 3
9, 222.4266250302439, Server_06, 3.0417973963282776, 1143.594335661885, 0.0, 3
10, 226.34124639631912, Server_0, 3.0417973963282776, 1259.3810585933645, 0.0, 3
11, 230.65131314423257, Server_06, 3.0417973963282776, 1143.833793847082, 0.0, 3
12, 234.95298466738242, Server_06, 3.0417973963282776, 1146.066121847924, 0.0, 3
13, 239.3379810686935, Server_06, 3.0417973963282776, 1124.2882658982294, 0.0, 3
14, 243.72176390266432, Server_06, 3.0417973963282776, 1124.5995038340916, 0.0, 3
15, 248.20279845936534, Server_06, 3.0417973963282776, 1100.1923635307812, 0.0, 3
16, 252.58267315021968, Server_06, 3.0417973963282776, 1125.6029790748091, 0.0, 3
17, 257.60109605708135, Server_0, 3.0417973963282776, 982.3803396997944, 0.0, 3
18, 260.3855315209989, Server_06, 2.5526430912103453, 1127.697172619045, 0.0, 2
19, 267.3179368662968, Server_06, 3.531593941666367, 1117.2168409415412, 0.0, 4
20, 271.7334736501048, Server_06, 3.0417973963282776, 1116.5120440347225, 0.0, 3
21, 276.2565642087383, Server_06, 3.0417973963282776, 1089.9627005233863, 0.0, 3
22, 280.7962297356842, Server_06, 3.0417973963282776, 1085.9830907667563, 0.0, 3
23, 287.84919193483034, Server_06, 3.531593941666367, 1098.1201630341448, 0.0, 4
24, 292.27953022230554, Server_06, 3.0417973963282776, 1112.7818419503938, 0.0, 3
25, 296.67577805913226, Server_06, 3.0417973963282776, 1121.4108446530518, 0.0, 3
26, 300.97587024228545, Server_06, 3.0417973963282776, 1146.4870495834116, 0.0, 3
27, 305.3099665952147, Server_06, 3.0417973963282776, 1137.4920164541375, 0.0, 3
28, 312.10206764883173, Server_06, 3.531593941666367, 1140.295166232178, 0.0, 4
29, 316.47380867975954, Server_06, 3.0417973963282776, 1127.6971726190545, 0.0, 3
30, 320.84554971068735, Server_06, 3.0417973963282776, 1127.6971726190545, 0.0, 3
31, 327.6135318025093, Server_06, 3.531593941666367, 1144.3588199440705, 0.0, 4
32, 332.068839462451, Server_06, 3.0417973963282776, 1106.545355851927, 0.0, 3
33, 336.2217064145068, Server_06, 3.0417973963282776, 1187.131698876008, 0.0, 3
34, 340.2919102048879, Server_0, 3.0417973963282776, 1211.2415628059648, 0.0, 3
35, 348.19190887834355, Server_0, 3.531593941666367, 980.3799114579057, 0.0, 4
36, 351.50638013730844, Server_0, 2.5526430912103453, 947.3607567140667, 0.0, 2
37, 354.28144477016906, Server_06, 2.5526430912103453, 1131.5051775075935, 0.0, 2
38, 360.9911282621742, Server_06, 3.531593941666367, 1154.3018399047432, 0.0, 4
39, 365.2662724078879, Server_06, 3.0417973963282776, 1153.1774910894687, 0.0, 3
40, 371.842536217099, Server_06, 3.531593941666367, 1177.7203933260607, 0.0, 4
41, 375.70319680282665, Server_06, 3.0417973963282776, 1276.9835344307517, 0.0, 3
42, 381.7230998815098, Server_06, 3.531593941666367, 1286.5655640579162, 0.0, 4
43, 385.60406788882403, Server_06, 3.0417973963282776, 1270.3016336926119, 0.0, 3
44, 392.1640814498242, Server_06, 3.531593941666367, 1180.6378032577047, 0.0, 4
45, 396.29797804416063, Server_06, 3.0417973963282776, 1192.579419319358, 0.0, 3
46, 400.3187233729521, Server_06, 3.0417973963282776, 1226.1408263531669, 0.0, 3
47, 407.01792273667144, Server_06, 3.531593941666367, 1156.1083018284792, 0.0, 4
48, 411.26596151053167, Server_06, 3.0417973963282776, 1160.535546505868, 0.0, 3
49, 415.40371420932865, Server_06, 3.0417973963282776, 1191.4680163058927, 0.0, 3
50, 422.27354628690745, Server_06, 3.531593941666367, 1127.3929133257145, 0.0, 4
51, 426.5864186290457, Server_06, 3.0417973963282776, 1143.0897111959976, 0.0, 3
52, 431.00244067511164, Server_06, 3.0417973963282776, 1116.3893541681746, 0.0, 3
53, 435.4834752318127, Server_06, 3.0417973963282776, 1100.1923635307742, 0.0, 3
54, 442.52315325243126, Server_06, 3.531593941666367, 1100.1923635307767, 0.0, 4
55, 447.0458402794675, Server_06, 3.0417973963282776, 1090.0599512035415, 0.0, 3
56, 451.6361683619417, Server_06, 3.0417973963282776, 1073.9973072562352, 0.0, 3
57, 456.22649644441594, Server_06, 3.0417973963282776, 1073.9973072562352, 0.0, 3
58, 460.8168245268902, Server_06, 3.0417973963282776, 1073.9973072562352, 0.0, 3
59, 468.02820201142623, Server_06, 3.531593941666367, 1073.9973072562395, 0.0, 4
60, 472.61853009390046, Server_06, 3.0417973963282776, 1073.9973072562352, 0.0, 3
61, 477.2088581763747, Server_06, 3.0417973963282776, 1073.9973072562352, 0.0, 3
62, 481.7991862588489, Server_06, 3.0417973963282776, 1073.9973072562352, 0.0, 3
63, 486.38951434132315, Server_06, 3.0417973963282776, 1073.9973072562352, 0.0, 3
64, 490.9798424237974, Server_06, 3.0417973963282776, 1073.9973072562352, 0.0, 3
65, 495.63978139286957, Server_06, 3.0417973963282776, 1057.9537699356574, 0.0, 3
66, 502.8511588774056, Server_06, 3.531593941666367, 1073.9973072562395, 0.0, 4
67, 507.44148695987985, Server_06, 3.0417973963282776, 1073.9973072562352, 0.0, 3
68, 512.0318150423541, Server_06, 3.0417973963282776, 1073.9973072562352, 0.0, 3
69, 516.6221431248283, Server_06, 3.0417973963282776, 1073.9973072562352, 0.0, 3
70, 521.2124712073025, Server_06, 3.0417973963282776, 1073.9973072562352, 0.0, 3
71, 525.8027992897768, Server_06, 3.0417973963282776, 1073.9973072562352, 0.0, 3
72, 533.0977961945126, Server_06, 3.531593941666367, 1061.686536833485, 0.0, 4
73, 537.7137983825603, Server_06, 3.0417973963282776, 1068.0237571735493, 0.0, 3
74, 542.3041264650345, Server_06, 3.0417973963282776, 1073.9973072562352, 0.0, 3
75, 546.946741556323, Server_06, 3.0417973963282776, 1061.9015152151628, 0.0, 3
76, 551.4593024208401, Server_06, 3.0417973963282776, 1092.5060399218664, 0.0, 3
77, 555.3140303963293, Server_06, 3.0417973963282776, 1278.9488730068986, 0.0, 3
78, 560.8205219160275, Server_06, 3.531593941666367, 1406.5217339015292, 0.0, 4
79, 567.0017026170584, Server_06, 3.531593941666367, 1252.996858465606, 0.0, 4
80, 570.9362695448934, Server_06, 3.0417973963282776, 1252.996858465618, 0.0, 3
81, 575.1905510858851, Server_06, 3.0417973963282776, 1158.832567261366, 0.0, 3
82, 581.851030677453, Server_06, 3.531593941666367, 1162.8291767165113, 0.0, 4
83, 584.9216080851786, Server_06, 3.0417973963282776, 1605.561217117021, 0.0, 3
84, 594.6212008579582, Server_06, 4.0211812311925765, 1254.176364407705, 0.0, 5
85, 598.5557677857933, Server_06, 3.0417973963282776, 1252.996858465618, 0.0, 3
86, 602.6065563178795, Server_06, 3.0417973963282776, 1217.0469924434547, 0.0, 3
87, 608.4579786246445, Server_0, 3.0417973963282776, 842.5301989057035, 0.0, 3
88, 611.0556430921183, Server_06, 2.5526430912103453, 1208.778131016131, 0.0, 2
89, 615.3391932890362, Server_0, 3.0417973963282776, 1150.9144922702822, 0.0, 3
90, 623.7680009779697, Server_0, 3.531593941666367, 918.8725482690409, 0.0, 4
91, 626.4674260528138, Server_0, 2.5526430912103453, 1163.2106515055907, 0.0, 2
92, 629.9975557383741, Server_0, 3.0417973963282776, 1396.549259979257, 0.0, 3
93, 637.2131295936999, Server_0, 3.531593941666367, 1073.3727012278312, 0.0, 4
94, 642.330814546344, Server_0, 3.0417973963282776, 963.3262003462992, 0.0, 3
95, 645.083021470226, Server_06, 2.5526430912103453, 1140.9025872120897, 0.0, 2
96, 651.9633370285786, Server_06, 3.531593941666367, 1125.6751139266592, 0.0, 4
97, 656.3828776212381, Server_06, 3.0417973963282776, 1115.5005586300897, 0.0, 3
98, 661.2315093452579, Server_0, 3.0417973963282776, 1016.7816985515926, 0.0, 3
99, 665.5199305288991, Server_06, 3.0417973963282776, 1149.6072304665965, 0.0, 3
100, 671.9729688555075, Server_06, 3.531593941666367, 1200.2098248919935, 0.0, 4
101, 675.9075357833425, Server_06, 3.0417973963282776, 1252.996858465618, 0.0, 3
102, 679.8421027111775, Server_06, 3.0417973963282776, 1252.996858465618, 0.0, 3
103, 686.0232834122085, Server_06, 3.531593941666367, 1252.996858465606, 0.0, 4
104, 690.174174746864, Server_06, 3.0417973963282776, 1187.6967143995707, 0.0, 3
105, 697.3855522314001, Server_06, 3.531593941666367, 1073.997307256231, 0.0, 4
106, 701.7722587818085, Server_06, 3.0417973963282776, 1123.849964283786, 0.0, 3
107, 705.7016827936928, Server_06, 3.0417973963282776, 1254.6368081147587, 0.0, 3
108, 711.8759664956877, Server_06, 3.531593941666367, 1254.3965217370223, 0.0, 4
109, 715.8105334235228, Server_06, 3.0417973963282776, 1252.996858465618, 0.0, 3
110, 721.8383872450997, Server_06, 3.531593941666367, 1284.868583288538, 0.0, 4
111, 725.6380723136547, Server_06, 3.0417973963282776, 1297.4759515727276, 0.0, 3
112, 731.9920242641945, Server_06, 3.531593941666367, 1218.9264351207487, 0.0, 4
113, 736.1366044388127, Server_06, 3.0417973963282776, 1189.505279736595, 0.0, 3
114, 741.6515201270558, Server_0, 3.0417973963282776, 893.9393235892818, 0.0, 3
115, 744.361313526865, Server_06, 2.5526430912103453, 1158.7599262073231, 0.0, 2
116, 750.8251516332123, Server_06, 3.531593941666367, 1198.2045144965382, 0.0, 4
117, 756.1416911685748, Server_06, 3.531593941666367, 1456.7746460803714, 0.0, 4
118, 759.8656984174139, Server_06, 3.0417973963282776, 1323.84275071881, 0.0, 3
119, 766.3451893789531, Server_06, 3.531593941666367, 1195.309947335762, 0.0, 4
120, 770.0817866752745, Server_06, 3.0417973963282776, 1319.3822103477598, 0.0, 3
121, 775.4356909013055, Server_06, 3.531593941666367, 1446.6078721287886, 0.0, 4
122, 781.5611642105275, Server_06, 3.531593941666367, 1264.392090051192, 0.0, 4
123, 785.7867728200775, Server_06, 3.0417973963282776, 1166.695843258656, 0.0, 3
124, 791.5656313199519, Server_06, 3.531593941666367, 1340.2300818004844, 0.0, 4
125, 797.2651043431161, Server_0, 3.0417973963282776, 864.9922510314696, 0.0, 3
126, 799.6113150132427, Server_06, 2.5526430912103453, 1338.3282413555173, 0.0, 2
127, 806.287423298804, Server_06, 3.531593941666367, 1160.1070067647654, 0.0, 4
128, 810.3485011181716, Server_06, 3.0417973963282776, 1213.9634400721025, 0.0, 3
129, 815.5870101161803, Server_06, 3.531593941666367, 1478.474123637873, 0.0, 4
130, 821.7942879863258, Server_06, 3.531593941666367, 1247.7289017864528, 0.0, 4
131, 826.3615147397769, Server_06, 3.0417973963282776, 1079.4296552661351, 0.0, 3
132, 830.5160489422473, Server_06, 3.0417973963282776, 1186.655292684445, 0.0, 3
133, 836.031827734066, Server_06, 3.531593941666367, 1404.1534826392412, 0.0, 4
134, 840.2916987362566, Server_06, 3.0417973963282776, 1157.312040074637, 0.0, 3
135, 847.4439254501286, Server_06, 3.531593941666367, 1082.8795436501355, 0.0, 4
136, 851.5654764739769, Server_06, 3.0417973963282776, 1196.1516359918521, 0.0, 3
137, 855.9838409916396, Server_06, 3.0417973963282776, 1115.797481238146, 0.0, 3
138, 860.6255506002641, Server_06, 3.0417973963282776, 1062.108665919087, 0.0, 3
139, 867.9744033482433, Server_06, 3.531593941666367, 1053.9059994268798, 0.0, 4
140, 872.5430111574437, Server_06, 3.0417973963282776, 1079.1033518070365, 0.0, 3
141, 876.781061740863, Server_06, 3.0417973963282776, 1163.2706837638627, 0.0, 3
142, 880.9352693761905, Server_06, 3.0417973963282776, 1186.7485770511796, 0.0, 3
143, 885.5211045071796, Server_06, 3.0417973963282776, 1075.0495513205708, 0.0, 3
144, 892.6053077454596, Server_06, 3.531593941666367, 1093.27749917582, 0.0, 4
145, 897.1088092515253, Server_06, 3.0417973963282776, 1094.7037529264608, 0.0, 3
146, 901.8865785287202, Server_06, 3.0417973963282776, 1031.8623009971834, 0.0, 3
147, 906.8845644328171, Server_06, 3.0417973963282776, 986.3973397681641, 0.0, 3
148, 911.8867884323048, Server_06, 3.0417973963282776, 985.5616222913889, 0.0, 3
149, 915.019278329212, Server_06, 2.5526430912103453, 1002.3974867724731, 0.0, 2
150, 922.7457542055007, Server_06, 3.531593941666367, 1002.3974867724886, 0.0, 4
151, 927.6639628652945, Server_06, 3.0417973963282776, 1002.3974867724944, 0.0, 3
152, 932.5821715250883, Server_06, 3.0417973963282776, 1002.3974867724944, 0.0, 3
153, 937.500380184882, Server_06, 3.0417973963282776, 1002.3974867724944, 0.0, 3
154, 942.4185888446758, Server_06, 3.0417973963282776, 1002.3974867724944, 0.0, 3
155, 947.3367975044696, Server_06, 3.0417973963282776, 1002.3974867724944, 0.0, 3
156, 952.2550061642634, Server_06, 3.0417973963282776, 1002.3974867724944, 0.0, 3
157, 957.1732148240571, Server_06, 3.0417973963282776, 1002.3974867724944, 0.0, 3
158, 962.1032026863148, Server_06, 3.0417973963282776, 1000.0024620227573, 0.0, 3
159, 967.1307048718818, Server_06, 3.0417973963282776, 980.6062370600514, 0.0, 3
160, 970.152155065294, Server_06, 2.5526430912103453, 1039.2360618243144, 0.0, 2
161, 977.1918330859125, Server_06, 3.531593941666367, 1100.1923635307767, 0.0, 4
162, 981.6728676426136, Server_06, 3.0417973963282776, 1100.1923635307742, 0.0, 3
163, 986.1225895087383, Server_06, 3.0417973963282776, 1107.934416650081, 0.0, 3
164, 990.3932542745964, Server_06, 3.0417973963282776, 1154.3870264444463, 0.0, 3
165, 997.0191925340322, Server_06, 3.531593941666367, 1168.891060669123, 0.0, 4
166, 1001.1391160459297, Server_06, 3.0417973963282776, 1196.6241571629187, 0.0, 3
167, 1005.1829764995379, Server_06, 3.0417973963282776, 1219.1320785070916, 0.0, 3
168, 1011.5358566644863, Server_06, 3.531593941666367, 1219.132078507072, 0.0, 4
169, 1015.5797171180945, Server_06, 3.0417973963282776, 1219.1320785070916, 0.0, 3
170, 1021.999007985116, Server_06, 3.531593941666367, 1206.5195611853724, 0.0, 4
171, 1026.1320776774955, Server_06, 3.0417973963282776, 1192.8180183096904, 0.0, 3
172, 1030.314699843002, Server_06, 3.0417973963282776, 1178.6864327973615, 0.0, 3
173, 1037.0817036659746, Server_06, 3.531593941666367, 1144.5242536596952, 0.0, 4
174, 1041.4785426487545, Server_06, 3.0417973963282776, 1121.2600732726992, 0.0, 3
175, 1046.151498963794, Server_06, 3.0417973963282776, 1055.0066526693602, 0.0, 3
176, 1050.9370347480879, Server_06, 3.0417973963282776, 1030.1876784999208, 0.0, 3
177, 1055.7566543055457, Server_06, 3.0417973963282776, 1022.9023144308915, 0.0, 3
178, 1062.429524088762, Server_06, 3.531593941666367, 1160.6700342752488, 0.0, 4
179, 1066.879018981831, Server_06, 3.0417973963282776, 1107.9909334606791, 0.0, 3
180, 1071.307961120507, Server_06, 3.0417973963282776, 1113.1326275294052, 0.0, 3
181, 1075.5887293323938, Server_06, 3.0417973963282776, 1151.662448415293, 0.0, 3
182, 1082.2850084251772, Server_06, 3.531593941666367, 1156.6124847374908, 0.0, 4
183, 1086.5474559303318, Server_06, 3.0417973963282776, 1156.6124847375038, 0.0, 3
184, 1090.8990402233783, Server_06, 3.0417973963282776, 1132.9207176057228, 0.0, 3
185, 1095.3209163986232, Server_06, 3.0417973963282776, 1114.9113644564889, 0.0, 3
186, 1102.220311529576, Server_06, 3.531593941666367, 1122.562174364174, 0.0, 4
187, 1106.7511934630897, Server_06, 3.0417973963282776, 1088.0883837502254, 0.0, 3
188, 1111.4440951265385, Server_06, 3.0417973963282776, 1050.5227583177173, 0.0, 3
189, 1115.9990525648757, Server_06, 3.0417973963282776, 1082.3372263605045, 0.0, 3
190, 1120.628882197544, Server_06, 3.0417973963282776, 1064.8339984723452, 0.0, 3
191, 1128.3146715864575, Server_06, 3.531593941666367, 1007.7039075741454, 0.0, 4
192, 1133.0130542926158, Server_06, 3.0417973963282776, 1049.2972387153743, 0.0, 3
193, 1137.766771476105, Server_06, 3.0417973963282776, 1037.0831519222531, 0.0, 3
194, 1142.2404817351269, Server_06, 3.0417973963282776, 1101.9935835267906, 0.0, 3
195, 1146.9484001195917, Server_06, 3.0417973963282776, 1047.1719340479597, 0.0, 3
196, 1151.698651611404, Server_06, 3.0417973963282776, 1037.8397877454363, 0.0, 3
197, 1156.510390679599, Server_06, 3.0417973963282776, 1024.5775862176076, 0.0, 3
198, 1161.4285993393928, Server_06, 3.0417973963282776, 1002.3974867724712, 0.0, 3
199, 1166.3468079991867, Server_06, 3.0417973963282776, 1002.3974867724712, 0.0, 3
200, 1171.2730138688062, Server_06, 3.0417973963282776, 1000.7701932239412, 0.0, 3
201, 1176.2925188445474, Server_06, 3.0417973963282776, 982.1685651924195, 0.0, 3
202, 1179.4250087414546, Server_06, 2.5526430912103453, 1002.3974867725095, 0.0, 2
203, 1187.1514846177433, Server_06, 3.531593941666367, 1002.3974867724738, 0.0, 4
204, 1192.0696932775372, Server_06, 3.0417973963282776, 1002.3974867724712, 0.0, 3
205, 1197.1069528715059, Server_06, 3.0417973963282776, 978.7067567260018, 0.0, 3
206, 1200.3104732180154, Server_06, 2.5526430912103453, 980.1717049873715, 0.0, 2
207, 1204.57292072317, Server_06, 3.0417973963282776, 1156.6124847375038, 0.0, 3
208, 1211.31837159486, Server_06, 3.531593941666367, 1148.1812183237323, 0.0, 4
209, 1215.6901126257878, Server_06, 3.0417973963282776, 1127.6971726190693, 0.0, 3
210, 1222.5580911824889, Server_06, 3.531593941666367, 1127.6971726190498, 0.0, 4
211, 1226.9298322134166, Server_06, 3.0417973963282776, 1127.6971726190693, 0.0, 3
212, 1231.370604782708, Server_06, 3.0417973963282776, 1110.167188946306, 0.0, 3
213, 1236.5074004940482, Server_06, 3.0417973963282776, 959.7422745693931, 0.0, 3
214, 1239.7791121641512, Server_06, 2.5526430912103453, 959.7422745694121, 0.0, 2
215, 1244.7575696074932, Server_06, 3.0417973963282776, 990.2665747586534, 0.0, 3
216, 1251.9689470920293, Server_06, 3.531593941666367, 1073.997307256231, 0.0, 4
217, 1256.5592751745035, Server_06, 3.0417973963282776, 1073.9973072562618, 0.0, 3
218, 1261.1496032569776, Server_06, 3.0417973963282776, 1073.9973072562618, 0.0, 3
219, 1265.7399313394517, Server_06, 3.0417973963282776, 1073.9973072562618, 0.0, 3
220, 1272.9513088239878, Server_06, 3.531593941666367, 1073.997307256231, 0.0, 4
221, 1277.639296839051, Server_06, 3.0417973963282776, 1051.6238489004659, 0.0, 3
222, 1282.3389184472985, Server_06, 3.0417973963282776, 1049.0206256921142, 0.0, 3
223, 1287.038540055546, Server_06, 3.0417973963282776, 1049.0206256921142, 0.0, 3
224, 1291.8017507462566, Server_06, 3.0417973963282776, 1035.0161519444616, 0.0, 3
225, 1296.6164928256235, Server_06, 3.0417973963282776, 1023.9385451459749, 0.0, 3
226, 1301.4421327403657, Server_06, 3.0417973963282776, 1021.6261650478757, 0.0, 3
227, 1306.3863412609521, Server_06, 3.0417973963282776, 997.1262295011809, 0.0, 3
228, 1311.335788746901, Server_06, 3.0417973963282776, 996.0707763838076, 0.0, 3
229, 1316.253997406695, Server_06, 3.0417973963282776, 1002.3974867724712, 0.0, 3
230, 1321.1722060664888, Server_06, 3.0417973963282776, 1002.3974867724712, 0.0, 3
231, 1326.1600256128806, Server_06, 3.0417973963282776, 988.4078511954841, 0.0, 3
232, 1331.0782342726745, Server_06, 3.0417973963282776, 1002.3974867724712, 0.0, 3
233, 1335.9964429324684, Server_06, 3.0417973963282776, 1002.3974867724712, 0.0, 3
234, 1340.977548232871, Server_06, 3.0417973963282776, 989.7401686331741, 0.0, 3
235, 1345.9757633425165, Server_06, 3.0417973963282776, 986.3521060720398, 0.0, 3
236, 1350.5660914249906, Server_06, 3.0417973963282776, 1073.9973072562618, 0.0, 3
237, 1357.9199506256343, Server_06, 3.531593941666367, 1053.1885080587456, 0.0, 4
238, 1362.728865759655, Server_06, 3.0417973963282776, 1025.1792478354787, 0.0, 3
239, 1367.5377808936757, Server_06, 3.0417973963282776, 1025.1792478354787, 0.0, 3
240, 1372.3466960276965, Server_06, 3.0417973963282776, 1025.1792478354787, 0.0, 3
241, 1377.1556111617172, Server_06, 3.0417973963282776, 1025.1792478354787, 0.0, 3
242, 1381.9645262957379, Server_06, 3.0417973963282776, 1025.1792478354787, 0.0, 3
243, 1386.7734414297586, Server_06, 3.0417973963282776, 1025.1792478354787, 0.0, 3
244, 1391.6905326614385, Server_06, 3.0417973963282776, 1002.6252855014969, 0.0, 3
245, 1396.6087413212324, Server_06, 3.0417973963282776, 1002.3974867724712, 0.0, 3
246, 1401.540557655669, Server_06, 3.0417973963282776, 999.6317108518404, 0.0, 3
247, 1406.5745172962042, Server_06, 3.0417973963282776, 979.3483365067053, 0.0, 3
248, 1409.7614855680338, Server_06, 2.5526430912103453, 985.2623974186712, 0.0, 2
249, 1414.695777537919, Server_06, 3.0417973963282776, 999.1301751271764, 0.0, 3
250, 1422.4222534142077, Server_06, 3.531593941666367, 1002.3974867724738, 0.0, 4
251, 1427.3404620740016, Server_06, 3.0417973963282776, 1002.3974867724712, 0.0, 3
252, 1432.2586707337955, Server_06, 3.0417973963282776, 1002.3974867724712, 0.0, 3
253, 1437.1768793935894, Server_06, 3.0417973963282776, 1002.3974867724712, 0.0, 3
254, 1442.0950880533833, Server_06, 3.0417973963282776, 1002.3974867724712, 0.0, 3
255, 1447.0132967131772, Server_06, 3.0417973963282776, 1002.3974867724712, 0.0, 3
256, 1451.931505372971, Server_06, 3.0417973963282776, 1002.3974867724712, 0.0, 3
257, 1456.8573021389052, Server_06, 3.0417973963282776, 1000.8533104928184, 0.0, 3
258, 1461.8375335791566, Server_06, 3.0417973963282776, 989.9138341552983, 0.0, 3
259, 1466.6821854451173, Server_06, 3.0417973963282776, 1017.6169797955878, 0.0, 3
260, 1471.382497358919, Server_06, 3.0417973963282776, 1048.8665625623462, 0.0, 3
261, 1475.9574367713021, Server_06, 3.0417973963282776, 1077.6098994132622, 0.0, 3
262, 1480.2466805277845, Server_0, 3.0417973963282776, 1149.3867637037938, 0.0, 3
263, 1486.8497784658307, Server_0, 3.531593941666367, 1172.934291247497, 0.0, 4
264, 1492.8009754331636, Server_0, 3.0417973963282776, 828.4047775702288, 0.0, 3
265, 1497.6043930474161, Server_0, 2.5526430912103453, 653.701229450273, 0.0, 2
266, 1500.493776593717, Server_06, 2.5526430912103453, 1086.7369975924253, 0.0, 2
267, 1506.3385552642537, Server_06, 3.531593941666367, 1325.1143347894838, 0.0, 4
268, 1509.8976365553601, Server_06, 3.0417973963282776, 1385.1889284797521, 0.0, 3
269, 1516.8438389642693, Server_06, 3.531593941666367, 1114.997741797207, 0.0, 4
270, 1521.4764552177876, Server_06, 3.0417973963282776, 1064.1934773370901, 0.0, 3
271, 1525.772771594256, Server_06, 3.0417973963282776, 1147.4946368015026, 0.0, 3
272, 1531.5782471654497, Server_06, 3.531593941666367, 1334.0853656210438, 0.0, 4
273, 1535.1828741634586, Server_06, 3.0417973963282776, 1367.6865880223675, 0.0, 3
274, 1541.288103985666, Server_06, 3.531593941666367, 1268.584512875805, 0.0, 4
275, 1545.609392498621, Server_06, 3.0417973963282776, 1140.8634219215523, 0.0, 3
276, 1552.3457250316203, Server_06, 3.531593941666367, 1149.7354030638364, 0.0, 4
277, 1556.5137212005425, Server_06, 3.0417973963282776, 1182.822584329505, 0.0, 3
278, 1560.9259692199298, Server_06, 3.0417973963282776, 1117.3442604172915, 0.0, 3
279, 1566.187183527751, Server_0, 3.0417973963282776, 937.0460337780343, 0.0, 3
280, 1569.102246176801, Server_06, 2.5526430912103453, 1077.1638136227673, 0.0, 2
281, 1575.5936734046284, Server_06, 3.531593941666367, 1193.112042725942, 0.0, 4
282, 1583.190894242367, Server_06, 3.531593941666367, 1019.4517397108276, 0.0, 4
283, 1588.0107397835698, Server_06, 3.0417973963282776, 1022.8543545338891, 0.0, 3
284, 1592.7345830333204, Server_06, 3.0417973963282776, 1043.6417424012193, 0.0, 3
285, 1597.5236171929484, Server_06, 3.0417973963282776, 1029.4351294380626, 0.0, 3
286, 1602.318184184835, Server_06, 3.0417973963282776, 1028.2471823509072, 0.0, 3
287, 1607.2363928446289, Server_06, 3.0417973963282776, 1002.3974867724712, 0.0, 3
288, 1612.1546015044228, Server_06, 3.0417973963282776, 1002.3974867724712, 0.0, 3
289, 1617.1064708067538, Server_06, 3.0417973963282776, 995.5836269101976, 0.0, 3
290, 1622.17005139473, Server_06, 3.0417973963282776, 973.6193419546893, 0.0, 3
291, 1625.0937086318436, Server_06, 2.5526430912103453, 1073.9973072561988, 0.0, 2
292, 1632.3212302059037, Server_06, 3.531593941666367, 1071.5983232477827, 0.0, 4
293, 1637.0208518141512, Server_06, 3.0417973963282776, 1049.0206256921142, 0.0, 3
294, 1641.8081068947042, Server_06, 3.0417973963282776, 1029.817696580838, 0.0, 3
295, 1646.617022028725, Server_06, 3.0417973963282776, 1025.1792478354787, 0.0, 3
296, 1651.4955480493436, Server_06, 3.0417973963282776, 1010.5511335111845, 0.0, 3
297, 1656.3901760661993, Server_06, 3.0417973963282776, 1007.2266948627173, 0.0, 3
298, 1661.3888322457744, Server_06, 3.0417973963282776, 986.2650726297804, 0.0, 3
299, 1666.3843290427396, Server_06, 3.0417973963282776, 986.888832156796, 0.0, 3
300, 1671.3025377025335, Server_06, 3.0417973963282776, 1002.3974867724712, 0.0, 3
301, 1676.2207463623274, Server_06, 3.0417973963282776, 1002.3974867724712, 0.0, 3
302, 1681.1724519335141, Server_06, 3.0417973963282776, 995.6165464859173, 0.0, 3
303, 1686.297608218535, Server_06, 3.0417973963282776, 961.9218860522759, 0.0, 3
304, 1689.3750094628408, Server_06, 2.5526430912103453, 1020.3414344522288, 0.0, 2
305, 1696.9809703386484, Server_06, 3.531593941666367, 1018.2802839066234, 0.0, 4
306, 1702.0084725242154, Server_06, 3.0417973963282776, 980.6062370600292, 0.0, 3
307, 1705.1807639180556, Server_06, 2.5526430912103453, 989.8207983343299, 0.0, 2
308, 1712.9497132690983, Server_06, 3.531593941666367, 996.9172985997806, 0.0, 4
309, 1718.0402487457686, Server_06, 3.0417973963282776, 968.463931268913, 0.0, 3
310, 1721.3119604158717, Server_06, 2.5526430912103453, 959.7422745694121, 0.0, 2
311, 1724.5836720859747, Server_06, 2.5526430912103453, 959.7422745694121, 0.0, 2
312, 1729.720467797315, Server_06, 3.0417973963282776, 959.7422745693931, 0.0, 3
313, 1734.8572635086553, Server_06, 3.0417973963282776, 959.7422745693931, 0.0, 3
314, 1739.9940592199955, Server_06, 3.0417973963282776, 959.7422745693931, 0.0, 3
315, 1745.1308549313358, Server_06, 3.0417973963282776, 959.7422745693931, 0.0, 3
316, 1750.267650642676, Server_06, 3.0417973963282776, 959.7422745693931, 0.0, 3
317, 1755.4773036080294, Server_06, 3.0417973963282776, 946.3202314601003, 0.0, 3
318, 1760.7233928451428, Server_06, 3.0417973963282776, 939.7476438491999, 0.0, 3
319, 1766.0053412860648, Server_06, 3.0417973963282776, 933.3676871596801, 0.0, 3
320, 1769.4162747293637, Server_06, 2.5526430912103453, 920.569120505344, 0.0, 2
321, 1774.7716574922504, Server_06, 3.0417973963282776, 920.5691205053412, 0.0, 3
322, 1780.127040255137, Server_06, 3.0417973963282776, 920.5691205053412, 0.0, 3
323, 1785.4824230180236, Server_06, 3.0417973963282776, 920.5691205053412, 0.0, 3
324, 1790.8378057809102, Server_06, 3.0417973963282776, 920.5691205053412, 0.0, 3
325, 1796.1931885437969, Server_06, 3.0417973963282776, 920.5691205053412, 0.0, 3
326, 1799.6041219870958, Server_06, 2.5526430912103453, 920.569120505344, 0.0, 2
327, 1804.9595047499824, Server_06, 3.0417973963282776, 920.5691205053412, 0.0, 3
328, 1810.314887512869, Server_06, 3.0417973963282776, 920.5691205053412, 0.0, 3
329, 1815.6702702757557, Server_06, 3.0417973963282776, 920.5691205053412, 0.0, 3
330, 1821.0256530386423, Server_06, 3.0417973963282776, 920.5691205053412, 0.0, 3
331, 1824.4365864819413, Server_06, 2.5526430912103453, 920.569120505344, 0.0, 2
332, 1829.791969244828, Server_06, 3.0417973963282776, 920.5691205053412, 0.0, 3
333, 1835.1473520077145, Server_06, 3.0417973963282776, 920.5691205053412, 0.0, 3
334, 1840.5027347706011, Server_06, 3.0417973963282776, 920.5691205053412, 0.0, 3
335, 1845.8581175334878, Server_06, 3.0417973963282776, 920.5691205053412, 0.0, 3
336, 1851.2135002963744, Server_06, 3.0417973963282776, 920.5691205053412, 0.0, 3
337, 1854.6244337396733, Server_06, 2.5526430912103453, 920.569120505344, 0.0, 2
338, 1859.97981650256, Server_06, 3.0417973963282776, 920.5691205053412, 0.0, 3
339, 1865.3351992654466, Server_06, 3.0417973963282776, 920.5691205053412, 0.0, 3
340, 1870.6905820283332, Server_06, 3.0417973963282776, 920.5691205053412, 0.0, 3
341, 1876.0459647912198, Server_06, 3.0417973963282776, 920.5691205053412, 0.0, 3
342, 1879.4568982345188, Server_06, 2.5526430912103453, 920.569120505344, 0.0, 2
343, 1884.8122809974054, Server_06, 3.0417973963282776, 920.5691205053412, 0.0, 3
344, 1890.167663760292, Server_06, 3.0417973963282776, 920.5691205053412, 0.0, 3
345, 1895.5230465231787, Server_06, 3.0417973963282776, 920.5691205053412, 0.0, 3
346, 1900.8784292860653, Server_06, 3.0417973963282776, 920.5691205053412, 0.0, 3
347, 1906.233812048952, Server_06, 3.0417973963282776, 920.5691205053412, 0.0, 3
348, 1909.6447454922509, Server_06, 2.5526430912103453, 920.569120505344, 0.0, 2
349, 1915.0001282551375, Server_06, 3.0417973963282776, 920.5691205053412, 0.0, 3
350, 1920.3555110180241, Server_06, 3.0417973963282776, 920.5691205053412, 0.0, 3
351, 1925.7108937809107, Server_06, 3.0417973963282776, 920.5691205053412, 0.0, 3
352, 1931.0662765437974, Server_06, 3.0417973963282776, 920.5691205053412, 0.0, 3
353, 1934.4772099870963, Server_06, 2.5526430912103453, 920.569120505344, 0.0, 2
354, 1939.832592749983, Server_06, 3.0417973963282776, 920.5691205053412, 0.0, 3
355, 1945.1879755128696, Server_06, 3.0417973963282776, 920.5691205053412, 0.0, 3
356, 1950.5433582757562, Server_06, 3.0417973963282776, 920.5691205053412, 0.0, 3
357, 1955.8987410386428, Server_06, 3.0417973963282776, 920.5691205053412, 0.0, 3
358, 1959.3096744819418, Server_06, 2.5526430912103453, 920.569120505344, 0.0, 2
359, 1964.6650572448284, Server_06, 3.0417973963282776, 920.5691205053412, 0.0, 3
360, 1970.020440007715, Server_06, 3.0417973963282776, 920.5691205053412, 0.0, 3
361, 1975.3758227706016, Server_06, 3.0417973963282776, 920.5691205053412, 0.0, 3
362, 1980.7312055334883, Server_06, 3.0417973963282776, 920.5691205053412, 0.0, 3
363, 1986.0865882963749, Server_06, 3.0417973963282776, 920.5691205053412, 0.0, 3
364, 1989.4975217396739, Server_06, 2.5526430912103453, 920.569120505344, 0.0, 2
365, 1994.8529045025605, Server_06, 3.0417973963282776, 920.5691205053412, 0.0, 3
366, 2000.208287265447, Server_06, 3.0417973963282776, 920.5691205053412, 0.0, 3
367, 2005.5636700283337, Server_06, 3.0417973963282776, 920.5691205053412, 0.0, 3
368, 2010.9583232119542, Server_06, 3.0417973963282776, 913.8678302747516, 0.0, 3
369, 2014.3995971211173, Server_06, 2.5526430912103453, 912.4527959367323, 0.0, 2
370, 2019.8181806165335, Server_06, 3.0417973963282776, 909.8318784181279, 0.0, 3
371, 2025.2495844200864, Server_06, 3.0417973963282776, 907.6843074667092, 0.0, 3
372, 2030.6726295636881, Server_06, 3.0417973963282776, 909.0833414537544, 0.0, 3
373, 2036.1274918521838, Server_06, 3.0417973963282776, 903.7808361170595, 0.0, 3
374, 2039.5801160489523, Server_06, 2.5526430912103453, 909.4531640422632, 0.0, 2
375, 2044.935498811839, Server_06, 3.0417973963282776, 920.5691205053412, 0.0, 3
376, 2050.2908815747255, Server_06, 3.0417973963282776, 920.5691205053412, 0.0, 3
377, 2055.6852294519144, Server_06, 3.0417973963282776, 913.9195528800602, 0.0, 3
378, 2061.0712579870965, Server_06, 3.0417973963282776, 915.3312069917142, 0.0, 3
379, 2064.4821914303952, Server_06, 2.5526430912103453, 920.5691205054054, 0.0, 2
380, 2069.8765286060475, Server_06, 3.0417973963282776, 913.9213659561226, 0.0, 3
381, 2075.4015831783713, Server_06, 3.0417973963282776, 892.2988787650027, 0.0, 3
382, 2080.866259467031, Server_06, 3.0417973963282776, 902.1577380952742, 0.0, 3
383, 2086.4005466422886, Server_06, 3.0417973963282776, 890.8102965889885, 0.0, 3
384, 2089.8810909721856, Server_06, 2.5526430912103453, 902.1577380952324, 0.0, 2
385, 2095.345767260845, Server_06, 3.0417973963282776, 902.1577380952742, 0.0, 3
386, 2100.8104435495047, Server_06, 3.0417973963282776, 902.1577380952742, 0.0, 3
387, 2106.2751198381643, Server_06, 3.0417973963282776, 902.1577380952742, 0.0, 3
388, 2109.7556641680612, Server_06, 2.5526430912103453, 902.1577380952324, 0.0, 2
389, 2115.220340456721, Server_06, 3.0417973963282776, 902.1577380952742, 0.0, 3
390, 2120.6850167453804, Server_06, 3.0417973963282776, 902.1577380952742, 0.0, 3
391, 2126.14969303404, Server_06, 3.0417973963282776, 902.1577380952742, 0.0, 3
392, 2129.630237363937, Server_06, 2.5526430912103453, 902.1577380952324, 0.0, 2
393, 2135.0949136525965, Server_06, 3.0417973963282776, 902.1577380952742, 0.0, 3
394, 2140.559589941256, Server_06, 3.0417973963282776, 902.1577380952742, 0.0, 3
395, 2146.0242662299156, Server_06, 3.0417973963282776, 902.1577380952742, 0.0, 3
396, 2149.5048105598125, Server_06, 2.5526430912103453, 902.1577380952324, 0.0, 2
397, 2154.8391812991545, Server_06, 3.0417973963282776, 924.195231433838, 0.0, 3
398, 2160.101071059966, Server_06, 3.0417973963282776, 936.9257479920001, 0.0, 3
399, 2165.456453822853, Server_06, 3.0417973963282776, 920.5691205053412, 0.0, 3
400, 2170.8118365857395, Server_06, 3.0417973963282776, 920.5691205053412, 0.0, 3
401, 2176.167219348626, Server_06, 3.0417973963282776, 920.5691205053412, 0.0, 3
402, 2179.672916446331, Server_06, 2.5526430912103453, 895.6849130108186, 0.0, 2
403, 2185.246886260764, Server_06, 3.0417973963282776, 884.4683706816068, 0.0, 3
404, 2190.820856075197, Server_06, 3.0417973963282776, 884.4683706816068, 0.0, 3
405, 2196.39482588963, Server_06, 3.0417973963282776, 884.4683706816068, 0.0, 3
406, 2199.9449811061245, Server_06, 2.5526430912103453, 884.4683706816525, 0.0, 2
407, 2205.446971636464, Server_06, 3.0417973963282776, 896.0393466355121, 0.0, 3
408, 2210.8023543993504, Server_06, 3.0417973963282776, 920.5691205053412, 0.0, 3
409, 2216.157737162237, Server_06, 3.0417973963282776, 920.5691205053412, 0.0, 3
410, 2219.5686706055358, Server_06, 2.5526430912103453, 920.5691205054054, 0.0, 2
411, 2224.9240533684224, Server_06, 3.0417973963282776, 920.5691205053412, 0.0, 3
412, 2230.279436131309, Server_06, 3.0417973963282776, 920.5691205053412, 0.0, 3
413, 2235.733944055399, Server_06, 3.0417973963282776, 903.8395522768112, 0.0, 3
414, 2241.198620344059, Server_06, 3.0417973963282776, 902.1577380952742, 0.0, 3
415, 2244.6791646739557, Server_06, 2.5526430912103453, 902.1577380952324, 0.0, 2
416, 2250.1016622493735, Server_06, 3.0417973963282776, 909.1751414236785, 0.0, 3
417, 2255.45704501226, Server_06, 3.0417973963282776, 920.5691205053412, 0.0, 3
418, 2260.8124277751467, Server_06, 3.0417973963282776, 920.5691205053412, 0.0, 3
419, 2266.1678105380333, Server_06, 3.0417973963282776, 920.5691205053412, 0.0, 3
420, 2269.578743981332, Server_06, 2.5526430912103453, 920.5691205054054, 0.0, 2
421, 2274.9341267442187, Server_06, 3.0417973963282776, 920.5691205053412, 0.0, 3
422, 2280.3184091040303, Server_06, 3.0417973963282776, 915.6280578443791, 0.0, 3
423, 2285.78308539269, Server_06, 3.0417973963282776, 902.1577380952742, 0.0, 3
424, 2291.1791794452492, Server_06, 3.0417973963282776, 913.6238086253618, 0.0, 3
425, 2294.590112888548, Server_06, 2.5526430912103453, 920.5691205054054, 0.0, 2
426, 2300.048336415623, Server_06, 3.0417973963282776, 903.2242771929726, 0.0, 3
427, 2305.5130127042826, Server_06, 3.0417973963282776, 902.1577380952742, 0.0, 3
428, 2310.977688992942, Server_06, 3.0417973963282776, 902.1577380952742, 0.0, 3
429, 2314.458233322839, Server_06, 2.5526430912103453, 902.1577380952324, 0.0, 2
430, 2319.9229096114987, Server_06, 3.0417973963282776, 902.1577380952742, 0.0, 3
431, 2325.3875859001582, Server_06, 3.0417973963282776, 902.1577380952742, 0.0, 3
432, 2330.852262188818, Server_06, 3.0417973963282776, 902.1577380952742, 0.0, 3
433, 2336.3169384774774, Server_06, 3.0417973963282776, 902.1577380952742, 0.0, 3
434, 2339.7974828073743, Server_06, 2.5526430912103453, 902.1577380952324, 0.0, 2
435, 2345.3022266978837, Server_06, 3.0417973963282776, 895.5911661030557, 0.0, 3
436, 2350.8761965123167, Server_06, 3.0417973963282776, 884.4683706816068, 0.0, 3
437, 2356.4501663267497, Server_06, 3.0417973963282776, 884.4683706816068, 0.0, 3
438, 2360.0003215432444, Server_06, 2.5526430912103453, 884.4683706816525, 0.0, 2
439, 2365.5742913576773, Server_06, 3.0417973963282776, 884.4683706816068, 0.0, 3
440, 2371.1482611721103, Server_06, 3.0417973963282776, 884.4683706816068, 0.0, 3
441, 2374.698416388605, Server_06, 2.5526430912103453, 884.4683706816525, 0.0, 2
442, 2380.272386203038, Server_06, 3.0417973963282776, 884.4683706816068, 0.0, 3
443, 2385.846356017471, Server_06, 3.0417973963282776, 884.4683706816068, 0.0, 3
444, 2391.420325831904, Server_06, 3.0417973963282776, 884.4683706816068, 0.0, 3
445, 2394.9704810483986, Server_06, 2.5526430912103453, 884.4683706816525, 0.0, 2
446, 2400.5444508628316, Server_06, 3.0417973963282776, 884.4683706816068, 0.0, 3
447, 2406.1184206772646, Server_06, 3.0417973963282776, 884.4683706816068, 0.0, 3
448, 2409.668575893759, Server_06, 2.5526430912103453, 884.4683706816525, 0.0, 2
449, 2415.242545708192, Server_06, 3.0417973963282776, 884.4683706816068, 0.0, 3
450, 2420.816515522625, Server_06, 3.0417973963282776, 884.4683706816068, 0.0, 3
451, 2426.390485337058, Server_06, 3.0417973963282776, 884.4683706816068, 0.0, 3
452, 2429.940640553553, Server_06, 2.5526430912103453, 884.4683706816525, 0.0, 2
453, 2435.514610367986, Server_06, 3.0417973963282776, 884.4683706816068, 0.0, 3
454, 2441.088580182419, Server_06, 3.0417973963282776, 884.4683706816068, 0.0, 3
455, 2444.6387353989135, Server_06, 2.5526430912103453, 884.4683706816525, 0.0, 2
456, 2450.276080260343, Server_06, 3.0417973963282776, 874.5251747380026, 0.0, 3
457, 2455.8931280641386, Server_06, 3.0417973963282776, 877.6852489431518, 0.0, 3
458, 2461.569477502006, Server_06, 3.0417973963282776, 868.5159456730295, 0.0, 3
459, 2465.124110755189, Server_06, 2.5526430912103453, 883.3541398928384, 0.0, 2
460, 2470.763213419532, Server_06, 3.0417973963282776, 874.2525705682614, 0.0, 3
461, 2476.4067941205626, Server_06, 3.0417973963282776, 873.5588735533826, 0.0, 3
462, 2479.968347370064, Server_06, 2.5526430912103453, 881.637808009675, 0.0, 2
463, 2485.6005300380884, Server_06, 3.0417973963282776, 875.3267233303571, 0.0, 3
464, 2491.2637114249032, Server_06, 3.0417973963282776, 870.5354222766327, 0.0, 3
465, 2494.8880573419324, Server_06, 2.5526430912103453, 866.3632202562638, 0.0, 2
466, 2500.6363517548, Server_06, 3.0417973963282776, 857.6457025172468, 0.0, 3
467, 2506.4004289661766, Server_06, 3.0417973963282776, 855.2973562307259, 0.0, 3
468, 2510.078602971295, Server_06, 2.5526430912103453, 853.6844628966928, 0.0, 2
469, 2515.8129882770686, Server_06, 3.0417973963282776, 859.7259753432007, 0.0, 3
470, 2521.529623486557, Server_06, 3.0417973963282776, 862.3954160687729, 0.0, 3
471, 2525.204117527996, Server_06, 2.5526430912103453, 854.5394181045313, 0.0, 2
472, 2530.9398428409536, Server_06, 3.0417973963282776, 859.5251221083812, 0.0, 3
473, 2534.576757857893, Server_06, 2.5526430912103453, 863.369087640228, 0.0, 2
474, 2540.3467655439194, Server_06, 3.0417973963282776, 854.418272602866, 0.0, 3
475, 2546.139322409899, Server_06, 3.0417973963282776, 851.0922057502293, 0.0, 3
476, 2549.8953278507634, Server_06, 2.5526430912103453, 835.9945291445681, 0.0, 2
477, 2555.7350908409912, Server_06, 3.0417973963282776, 844.2123435916393, 0.0, 3
478, 2561.6226457913417, Server_06, 3.0417973963282776, 837.3594882042714, 0.0, 3
479, 2565.323398200786, Server_06, 2.5526430912103453, 848.4761077198195, 0.0, 2
480, 2571.17419053361, Server_06, 3.0417973963282776, 842.6209168870909, 0.0, 3
481, 2574.9173218755664, Server_06, 2.5526430912103453, 838.8698426913111, 0.0, 2
482, 2580.748633831886, Server_06, 3.0417973963282776, 845.4358190625134, 0.0, 3
483, 2586.6504842236386, Server_06, 3.0417973963282776, 835.3312389770465, 0.0, 3
484, 2590.4094720999274, Server_06, 2.5526430912103453, 835.3312389770508, 0.0, 2
485, 2596.259010245018, Server_06, 3.0417973963282776, 842.8015815466645, 0.0, 3
486, 2600.0520598752537, Server_06, 2.5526430912103453, 827.8299273940592, 0.0, 2
487, 2606.023521153604, Server_06, 3.0417973963282776, 825.5935641538357, 0.0, 3
488, 2609.8002848075816, Server_06, 2.5526430912103453, 831.3996552824093, 0.0, 2
489, 2615.7539703082434, Server_06, 3.0417973963282776, 828.0585192906159, 0.0, 3
490, 2621.7445385868755, Server_06, 3.0417973963282776, 822.9603220757823, 0.0, 3
491, 2625.573137349762, Server_06, 2.5526430912103453, 820.1433982684223, 0.0, 2
492, 2631.5842812672877, Server_06, 3.0417973963282776, 820.1433982684063, 0.0, 3
493, 2635.412880030174, Server_06, 2.5526430912103453, 820.1433982684223, 0.0, 2
494, 2641.4240239477, Server_06, 3.0417973963282776, 820.1433982684063, 0.0, 3
495, 2645.2526227105864, Server_06, 2.5526430912103453, 820.1433982684223, 0.0, 2
496, 2651.263766628112, Server_06, 3.0417973963282776, 820.1433982684063, 0.0, 3
497, 2655.0923653909986, Server_06, 2.5526430912103453, 820.1433982684223, 0.0, 2
498, 2661.1035093085243, Server_06, 3.0417973963282776, 820.1433982684063, 0.0, 3
499, 2664.9321080714108, Server_06, 2.5526430912103453, 820.1433982684223, 0.0, 2
500, 2670.9432519889365, Server_06, 3.0417973963282776, 820.1433982684063, 0.0, 3
501, 2674.771850751823, Server_06, 2.5526430912103453, 820.1433982684223, 0.0, 2
502, 2680.7829946693487, Server_06, 3.0417973963282776, 820.1433982684063, 0.0, 3
503, 2686.7941385868744, Server_06, 3.0417973963282776, 820.1433982684063, 0.0, 3
504, 2690.622737349761, Server_06, 2.5526430912103453, 820.1433982684223, 0.0, 2
505, 2696.6338812672866, Server_06, 3.0417973963282776, 820.1433982684063, 0.0, 3
506, 2700.462480030173, Server_06, 2.5526430912103453, 820.1433982684223, 0.0, 2
507, 2706.473623947699, Server_06, 3.0417973963282776, 820.1433982684063, 0.0, 3
508, 2710.3022227105853, Server_06, 2.5526430912103453, 820.1433982684223, 0.0, 2
509, 2716.313366628111, Server_06, 3.0417973963282776, 820.1433982684063, 0.0, 3
510, 2720.1419653909975, Server_06, 2.5526430912103453, 820.1433982684223, 0.0, 2
511, 2726.153109308523, Server_06, 3.0417973963282776, 820.1433982684063, 0.0, 3
512, 2729.9817080714097, Server_06, 2.5526430912103453, 820.1433982684223, 0.0, 2
513, 2735.9928519889354, Server_06, 3.0417973963282776, 820.1433982684063, 0.0, 3
514, 2739.821450751822, Server_06, 2.5526430912103453, 820.1433982684223, 0.0, 2
515, 2745.8325946693476, Server_06, 3.0417973963282776, 820.1433982684063, 0.0, 3
516, 2751.8437385868733, Server_06, 3.0417973963282776, 820.1433982684063, 0.0, 3
517, 2755.67233734976, Server_06, 2.5526430912103453, 820.1433982684223, 0.0, 2
518, 2761.6834812672855, Server_06, 3.0417973963282776, 820.1433982684063, 0.0, 3
519, 2765.512080030172, Server_06, 2.5526430912103453, 820.1433982684223, 0.0, 2
520, 2771.5232239476977, Server_06, 3.0417973963282776, 820.1433982684063, 0.0, 3
521, 2775.351822710584, Server_06, 2.5526430912103453, 820.1433982684223, 0.0, 2
522, 2781.36296662811, Server_06, 3.0417973963282776, 820.1433982684063, 0.0, 3
523, 2785.1963080184446, Server_06, 2.5526430912103453, 819.1287131162229, 0.0, 2
524, 2791.2723201951203, Server_06, 3.0417973963282776, 811.387445687657, 0.0, 3
525, 2795.1406637738687, Server_06, 2.5526430912103453, 811.7169367401274, 0.0, 2
526, 2801.2512846487284, Server_06, 3.0417973963282776, 806.791993966274, 0.0, 3
527, 2805.0995932137944, Server_06, 2.5526430912103453, 815.9428868319393, 0.0, 2
528, 2811.160638215739, Server_06, 3.0417973963282776, 813.3910898893548, 0.0, 3
529, 2815.0573105342255, Server_06, 2.5526430912103453, 805.8157687786883, 0.0, 2
530, 2821.1057991424154, Server_06, 3.0417973963282776, 815.0796536715894, 0.0, 3
531, 2824.968201432234, Server_06, 2.5526430912103453, 812.9655495175307, 0.0, 2
532, 2831.0643154293207, Server_06, 3.0417973963282776, 808.7119109576878, 0.0, 3
533, 2834.947165885842, Server_06, 2.5526430912103453, 808.6842476063794, 0.0, 2
534, 2840.9583098033677, Server_06, 3.0417973963282776, 820.1433982684063, 0.0, 3
535, 2844.786908566254, Server_06, 2.5526430912103453, 820.1433982684223, 0.0, 2
536, 2850.79805248378, Server_06, 3.0417973963282776, 820.1433982684063, 0.0, 3
537, 2856.8091964013056, Server_06, 3.0417973963282776, 820.1433982684063, 0.0, 3
538, 2860.637795164192, Server_06, 2.5526430912103453, 820.1433982684223, 0.0, 2
539, 2866.648939081718, Server_06, 3.0417973963282776, 820.1433982684063, 0.0, 3
540, 2870.5305303796, Server_06, 2.5526430912103453, 808.9465786141037, 0.0, 2
541, 2876.5710531741256, Server_06, 3.0417973963282776, 816.1545229939143, 0.0, 3
542, 2880.4692628236103, Server_06, 2.5526430912103453, 805.4979804421491, 0.0, 2
543, 2886.5372571023368, Server_06, 3.0417973963282776, 812.4595662991774, 0.0, 3
544, 2890.4039864625597, Server_06, 2.5526430912103453, 812.0557989657033, 0.0, 2
545, 2896.4636921339034, Server_06, 3.0417973963282776, 813.5708675281018, 0.0, 3
546, 2900.3448203188314, Server_06, 2.5526430912103453, 809.043105608801, 0.0, 2
547, 2906.4169998429475, Server_06, 3.0417973963282776, 811.8995791247839, 0.0, 3
548, 2910.2541738858417, Server_06, 2.5526430912103453, 818.3105496125955, 0.0, 2
549, 2916.372997228669, Server_06, 3.0417973963282776, 805.7104648688697, 0.0, 3
550, 2920.271206878154, Server_06, 2.5526430912103453, 805.4979804421491, 0.0, 2
551, 2926.313893143574, Server_06, 3.0417973963282776, 815.8623141188446, 0.0, 3
552, 2930.1424919064607, Server_06, 2.5526430912103453, 820.1433982684223, 0.0, 2
553, 2936.1536358239864, Server_06, 3.0417973963282776, 820.1433982684063, 0.0, 3
554, 2939.982234586873, Server_06, 2.5526430912103453, 820.1433982684223, 0.0, 2
555, 2945.9933785043986, Server_06, 3.0417973963282776, 820.1433982684063, 0.0, 3
556, 2949.821977267285, Server_06, 2.5526430912103453, 820.1433982684223, 0.0, 2
557, 2955.833121184811, Server_06, 3.0417973963282776, 820.1433982684063, 0.0, 3
558, 2961.8442651023365, Server_06, 3.0417973963282776, 820.1433982684063, 0.0, 3
559, 2965.672863865223, Server_06, 2.5526430912103453, 820.1433982684223, 0.0, 2
560, 2971.6840077827487, Server_06, 3.0417973963282776, 820.1433982684063, 0.0, 3
561, 2975.512606545635, Server_06, 2.5526430912103453, 820.1433982684223, 0.0, 2
562, 2981.523750463161, Server_06, 3.0417973963282776, 820.1433982684063, 0.0, 3
563, 2985.3523492260474, Server_06, 2.5526430912103453, 820.1433982684223, 0.0, 2
564, 2991.363493143573, Server_06, 3.0417973963282776, 820.1433982684063, 0.0, 3
565, 2995.1920919064596, Server_06, 2.5526430912103453, 820.1433982684223, 0.0, 2
566, 3001.2728467105835, Server_06, 3.0417973963282776, 810.7546116900701, 0.0, 3
567, 3005.10144547347, Server_06, 2.5526430912103453, 820.1433982684223, 0.0, 2
568, 3010.98088670141, Server_06, 3.0417973963282776, 838.5150576166985, 0.0, 3
569, 3014.7435644188995, Server_06, 2.5526430912103453, 834.5120777696952, 0.0, 2
570, 3020.6707363040637, Server_06, 3.0417973963282776, 831.7626172340114, 0.0, 3
571, 3026.27166773714, Server_06, 3.0417973963282776, 880.2107397505127, 0.0, 3
572, 3031.7287149346485, Server_0, 2.5526430912103453, 575.4027565372041, 0.0, 2
573, 3034.0618354805583, Server_06, 2.063532775625675, 857.2210310805151, 0.0, 1
574, 3039.652334917867, Server_06, 3.0417973963282776, 881.8532324856851, 0.0, 3
575, 3044.9372265638885, Server_06, 3.0417973963282776, 932.8478860510294, 0.0, 3
576, 3050.4719389344064, Server_06, 3.0417973963282776, 890.7418615393677, 0.0, 3
577, 3055.626066422836, Server_06, 3.0417973963282776, 956.5149506035791, 0.0, 3
578, 3060.653568608403, Server_06, 3.0417973963282776, 980.6062370600736, 0.0, 3
579, 3065.9005739609524, Server_06, 3.0417973963282776, 939.5835660058179, 0.0, 3
580, 3069.5697448171186, Server_06, 2.5526430912103453, 855.7791727586465, 0.0, 2
581, 3075.1305914273994, Server_06, 3.0417973963282776, 886.5556533937646, 0.0, 3
582, 3080.6555150655813, Server_06, 3.0417973963282776, 892.320025190848, 0.0, 3
583, 3085.7736091541783, Server_06, 3.0417973963282776, 963.2491928946637, 0.0, 3
584, 3090.430846134696, Server_06, 3.0417973963282776, 1058.5675628325178, 0.0, 3
585, 3098.089515963071, Server_06, 3.531593941666367, 1011.2722148309858, 0.0, 4
586, 3102.9469177125234, Server_06, 3.0417973963282776, 1014.9459020052625, 0.0, 3
587, 3107.589113184354, Server_06, 3.0417973963282776, 1061.9975031029342, 0.0, 3
588, 3112.540840188017, Server_06, 3.0417973963282776, 995.61223717572, 0.0, 3
589, 3117.382324542097, Server_06, 3.0417973963282776, 1018.2827495548917, 0.0, 3
590, 3121.9610760468718, Server_06, 3.0417973963282776, 1076.7127228588747, 0.0, 3
591, 3126.802591915865, Server_06, 3.0417973963282776, 1018.2761212399465, 0.0, 3
592, 3131.7750873255595, Server_06, 3.0417973963282776, 991.4539067021055, 0.0, 3
593, 3136.783059680093, Server_06, 3.0417973963282776, 984.4303544401434, 0.0, 3
594, 3140.054006247669, Server_06, 2.5526430912103453, 959.9667665397628, 0.0, 2
595, 3144.7327668987286, Server_06, 3.0417973963282776, 1053.6978417315165, 0.0, 3
596, 3152.0882917585113, Server_06, 3.531593941666367, 1052.950013444563, 0.0, 4
597, 3157.3230764831787, Server_06, 3.0417973963282776, 941.7770279585335, 0.0, 3
598, 3160.61737060692, Server_06, 2.5526430912103453, 953.1632216355081, 0.0, 2
599, 3165.005113009112, Server_06, 3.0417973963282776, 1123.584647434408, 0.0, 3
600, 3173.1643650653605, Server_06, 3.531593941666367, 949.2291629927905, 0.0, 4
601, 3176.296854962268, Server_06, 2.5526430912103453, 1002.3974867724368, 0.0, 2
602, 3181.295547088589, Server_06, 3.0417973963282776, 986.2579801705538, 0.0, 3
603, 3186.8783737647295, Server_06, 3.0417973963282776, 883.0652080010844, 0.0, 3
604, 3189.840082362139, Server_06, 2.5526430912103453, 1060.1988334525356, 0.0, 2
605, 3197.032823327122, Server_06, 3.531593941666367, 1076.7800533490197, 0.0, 4
606, 3202.2466865600245, Server_06, 3.0417973963282776, 945.5560646257267, 0.0, 3
607, 3205.4971235992657, Server_06, 2.5526430912103453, 966.0239414245087, 0.0, 2
608, 3210.1161460462126, Server_06, 3.0417973963282776, 1067.3254041574578, 0.0, 3
609, 3218.887467589034, Server_06, 3.531593941666367, 882.9912302484047, 0.0, 4
610, 3221.648479308998, Server_06, 2.5526430912103453, 1137.2642779077603, 0.0, 2
611, 3226.385441309221, Server_06, 3.0417973963282776, 1040.7514351536167, 0.0, 3
612, 3231.4714689050084, Server_06, 3.0417973963282776, 969.3223064859584, 0.0, 3
613, 3235.1007447406196, Server_06, 2.5526430912103453, 865.1863738737227, 0.0, 2
614, 3240.093572801516, Server_06, 3.0417973963282776, 987.4163379691432, 0.0, 3
615, 3247.6143953840246, Server_06, 3.531593941666367, 1029.8075662644676, 0.0, 4
616, 3252.8024364259627, Server_06, 3.0417973963282776, 950.2623360431907, 0.0, 3
617, 3256.063120695875, Server_06, 2.5526430912103453, 962.9880540639837, 0.0, 2
618, 3260.302548045605, Server_0, 2.5526430912103453, 740.666071374034, 0.0, 2
619, 3266.075676394484, Server_0, 3.0417973963282776, 853.9564170536877, 0.0, 3
620, 3269.0742771696323, Server_0, 2.5526430912103453, 1047.1550684651847, 0.0, 2
621, 3277.546026431373, Server_0, 3.531593941666367, 914.2149703340896, 0.0, 4
622, 3281.4303966898224, Server_0, 2.5526430912103453, 808.3678411371031, 0.0, 2
623, 3285.050162792915, Server_06, 2.5526430912103453, 867.4593635530993, 0.0, 2
624, 3290.7334261331216, Server_06, 3.0417973963282776, 867.4593635530816, 0.0, 3
625, 3296.416689473328, Server_06, 3.0417973963282776, 867.4593635530816, 0.0, 3
626, 3300.0744003148093, Server_06, 2.5526430912103453, 858.4604240417167, 0.0, 2
627, 3305.929686122557, Server_06, 3.0417973963282776, 841.9742710896447, 0.0, 3
628, 3309.5863240974186, Server_06, 2.5526430912103453, 858.7122984519502, 0.0, 2
629, 3314.949013673916, Server_06, 3.0417973963282776, 919.3148194902658, 0.0, 3
630, 3320.3136882981394, Server_06, 3.0417973963282776, 918.974652766318, 0.0, 3
631, 3326.208334864803, Server_06, 3.0417973963282776, 836.3520940985625, 0.0, 3
632, 3329.851555372349, Server_06, 2.5526430912103453, 861.8748147404588, 0.0, 2
633, 3335.415504794953, Server_06, 3.0417973963282776, 886.0612535354113, 0.0, 3
634, 3341.026565769734, Server_06, 3.0417973963282776, 878.6217120358946, 0.0, 3
635, 3345.06658503935, Server_0, 2.5526430912103453, 777.2240156415722, 0.0, 2
636, 3352.8961178668146, Server_0, 3.0417973963282776, 629.6671983679904, 0.0, 3
637, 3356.8451672008687, Server_06, 2.5526430912103453, 795.1280762493055, 0.0, 2
638, 3360.2452016785987, Server_0, 2.5526430912103453, 923.5200468015064, 0.0, 2
639, 3367.8657519478706, Server_0, 3.0417973963282776, 646.9349096585676, 0.0, 3
640, 3371.959876785993, Server_0, 2.5526430912103453, 766.9526758837449, 0.0, 2
641, 3375.599000428155, Server_06, 2.5526430912103453, 862.8450991938981, 0.0, 2
642, 3380.3987920030013, Server_06, 3.0417973963282776, 1027.127933186905, 0.0, 3
643, 3389.2122844621636, Server_06, 3.531593941666367, 878.7662820257494, 0.0, 4
644, 3392.7583189409124, Server_06, 2.5526430912103453, 885.4961842073974, 0.0, 2
645, 3396.1142169753475, Server_06, 2.5526430912103453, 935.6660922889366, 0.0, 2
646, 3399.499652558678, Server_06, 2.5526430912103453, 927.5025097098322, 0.0, 2
647, 3404.852734615401, Server_06, 3.0417973963282776, 920.964772772044, 0.0, 3
648, 3410.6367971499812, Server_06, 3.0417973963282776, 852.342098745614, 0.0, 3
649, 3416.1345311212017, Server_06, 3.0417973963282776, 896.7330950911017, 0.0, 3
650, 3419.6541382738706, Server_06, 2.5526430912103453, 892.145021815569, 0.0, 2
651, 3425.2770173144877, Server_06, 3.0417973963282776, 876.7750407554403, 0.0, 3
652, 3431.155010122369, Server_06, 3.0417973963282776, 838.721679514464, 0.0, 3
653, 3434.9779586308223, Server_06, 2.5526430912103453, 821.3555565963549, 0.0, 2
654, 3440.6968167195905, Server_06, 3.0417973963282776, 862.0602091320403, 0.0, 3
655, 3446.052199482477, Server_06, 3.0417973963282776, 920.5691205053412, 0.0, 3
656, 3449.463132925776, Server_06, 2.5526430912103453, 920.5691205054054, 0.0, 2
657, 3455.287400118448, Server_06, 3.0417973963282776, 846.4584190441286, 0.0, 3
658, 3460.9485335431887, Server_06, 3.0417973963282776, 870.8503457019341, 0.0, 3
659, 3464.590989974886, Server_06, 2.5526430912103453, 862.055609691111, 0.0, 2
660, 3470.4200541821006, Server_06, 3.0417973963282776, 845.7618280989334, 0.0, 3
661, 3476.1945684536645, Server_06, 3.0417973963282776, 853.7514617077554, 0.0, 3
662, 3480.0185820648853, Server_06, 2.5526430912103453, 821.1267843781393, 0.0, 2
663, 3486.029725982411, Server_06, 3.0417973963282776, 820.1433982684063, 0.0, 3
664, 3489.8583247452975, Server_06, 2.5526430912103453, 820.1433982684223, 0.0, 2
665, 3495.8694686628232, Server_06, 3.0417973963282776, 820.1433982684063, 0.0, 3
666, 3501.880612580349, Server_06, 3.0417973963282776, 820.1433982684063, 0.0, 3
667, 3505.7092113432354, Server_06, 2.5526430912103453, 820.1433982684223, 0.0, 2
668, 3511.4267409645904, Server_06, 3.0417973963282776, 862.2605087320322, 0.0, 3
669, 3514.910644378277, Server_06, 2.5526430912103453, 901.2879024327611, 0.0, 2
670, 3520.196048225787, Server_06, 3.0417973963282776, 932.7574849976281, 0.0, 3
671, 3525.0632732616746, Server_06, 3.0417973963282776, 1012.8974854561737, 0.0, 3
672, 3532.735350537723, Server_06, 3.531593941666367, 1009.5049517005019, 0.0, 4
673, 3538.038020203251, Server_06, 3.0417973963282776, 929.7203693545937, 0.0, 3
674, 3542.6768368073017, Server_0, 2.5526430912103453, 676.8967751943824, 0.0, 2
675, 3546.119536749139, Server_06, 2.5526430912103453, 912.0748404010305, 0.0, 2
676, 3550.709000108731, Server_0, 2.5526430912103453, 684.1758510692929, 0.0, 2
677, 3558.515850173797, Server_0, 3.0417973963282776, 631.4966931490899, 0.0, 3
678, 3562.8522395597947, Server_0, 2.5526430912103453, 724.104714890011, 0.0, 2
679, 3566.3583994131714, Server_06, 2.5526430912103453, 895.5666972730871, 0.0, 2
680, 3571.496310939067, Server_0, 2.5526430912103453, 611.1432600919853, 0.0, 2
681, 3573.45127574404, Server_06, 2.063532775625675, 1023.0363200977241, 0.0, 1
682, 3581.132134184091, Server_06, 3.531593941666367, 1008.3508321953369, 0.0, 4
683, 3586.231881088614, Server_06, 3.0417973963282776, 966.7146413927496, 0.0, 3
684, 3588.6514540218936, Server_06, 2.5526430912103453, 1297.7496800412232, 0.0, 2
685, 3594.5611969721626, Server_06, 3.531593941666367, 1310.547694743216, 0.0, 4
686, 3599.944983059199, Server_06, 3.531593941666367, 1438.5787018264687, 0.0, 4
687, 3605.095966976725, Server_06, 3.531593941666367, 1503.5962301586665, 0.0, 4
688, 3610.246950894251, Server_06, 3.531593941666367, 1503.5962301586665, 0.0, 4
689, 3615.3396111469306, Server_06, 3.531593941666367, 1520.8161581021743, 0.0, 4
690, 3620.318895600539, Server_06, 3.531593941666367, 1555.4443760262825, 0.0, 4
691, 3628.13981172425, Server_06, 4.0211812311925765, 1555.4443760262582, 0.0, 5
692, 3633.1190961778584, Server_06, 3.531593941666367, 1555.4443760262825, 0.0, 4
693, 3638.0983806314666, Server_06, 3.531593941666367, 1555.4443760262825, 0.0, 4
694, 3642.940870233888, Server_06, 3.531593941666367, 1599.3839194053314, 0.0, 4
695, 3647.576755759661, Server_06, 3.531593941666367, 1670.6624779541721, 0.0, 4
696, 3652.212641285434, Server_06, 3.531593941666367, 1670.6624779541721, 0.0, 4
697, 3656.848526811207, Server_06, 3.531593941666367, 1670.6624779541721, 0.0, 4
698, 3661.5540232235785, Server_06, 3.531593941666367, 1645.9474880561984, 0.0, 4
699, 3666.1899087493516, Server_06, 3.531593941666367, 1670.6624779541721, 0.0, 4
700, 3670.910738834194, Server_06, 3.531593941666367, 1640.6013054499774, 0.0, 4
701, 3675.284072270288, Server_06, 3.531593941666367, 1770.9603242411913, 0.0, 4
702, 3681.7366781049795, Server_06, 4.0211812311925765, 1885.2848464099193, 0.0, 5
703, 3685.729530396196, Server_06, 3.531593941666367, 1939.716131507706, 0.0, 4
704, 3692.389150201749, Server_06, 4.0211812311925765, 1826.6808549425332, 0.0, 5
705, 3696.6036223157744, Server_06, 3.531593941666367, 1837.7153271997033, 0.0, 4
706, 3700.630187102026, Server_06, 3.531593941666367, 1923.4758190020304, 0.0, 4
707, 3706.8687579005223, Server_06, 4.0211812311925765, 1949.965848417099, 0.0, 5
708, 3710.9111414580693, Server_06, 3.531593941666367, 1915.9488182511107, 0.0, 4
709, 3715.067808628087, Server_06, 3.531593941666367, 1863.271626813314, 0.0, 4
710, 3721.8069999088752, Server_06, 4.0211812311925765, 1805.112734324528, 0.0, 5
711, 3725.8306491245057, Server_06, 3.531593941666367, 1924.8695860248838, 0.0, 4
712, 3732.0202016984995, Server_06, 4.0211812311925765, 1965.408622767485, 0.0, 5
713, 3735.86381459568, Server_06, 3.531593941666367, 2015.0312237949192, 0.0, 4
714, 3742.0512757138717, Server_06, 4.0211812311925765, 1966.0729607227893, 0.0, 5
715, 3745.81466796914, Server_06, 3.531593941666367, 2057.983721776062, 0.0, 4
716, 3751.863019687196, Server_06, 4.0211812311925765, 2011.2917646115304, 0.0, 5
717, 3755.802868886133, Server_06, 3.531593941666367, 1965.811280819861, 0.0, 4
718, 3761.745216140804, Server_06, 4.0211812311925765, 2047.170836480108, 0.0, 5
719, 3765.5226043469897, Server_06, 3.531593941666367, 2050.3584956709747, 0.0, 4
